0.899 0.606 1.618 2.636 0.0 
0.905 0.656 1.889 3.417 0.0 
0.888 0.587 1.008 3.0 0.0 
0.899 0.618 1.035 3.2 0.0 
0.906 0.637 2.486 3.077 0.0 
0.902 0.627 1.177 3.0 0.0 
0.901 0.628 1.173 3.1 0.0 
0.892 0.616 1.113 3.0 0.0 
0.893 0.618 1.276 3.0 0.0 
0.89 0.567 1.157 4.143 0.0 
0.9 0.63 1.204 4.417 0.0 
0.894 0.624 1.036 4.375 0.0 
0.899 0.63 1.01 4.4 0.0 
0.895 0.626 1.265 3.8 0.0 
0.904 0.631 1.019 3.714 0.0 
0.9 0.63 1.057 3.7 0.0 
0.897 0.615 1.08 3.333 0.0 
0.9 0.633 1.058 3.583 0.0 
0.911 0.633 1.563 3.556 0.0 
0.888 0.615 1.198 3.455 0.0 
0.904 0.648 1.026 3.875 0.0 
0.905 0.646 1.025 3.875 0.0 
0.903 0.644 2.65 3.571 0.0 
0.898 0.635 1.009 3.5 0.0 
0.902 0.637 1.098 3.545 0.0 
0.907 0.635 1.069 3.545 0.0 
0.892 0.622 1.352 3.526 0.0 
0.907 0.633 1.267 3.583 0.0 
0.894 0.597 1.506 4.1 0.0 
0.909 0.619 1.026 4.0 0.0 
0.892 0.6 1.418 3.833 0.0 
0.898 0.605 1.293 3.857 0.0 
0.904 0.629 1.469 4.0 0.0 
0.906 0.63 1.57 4.0 0.0 
0.9 0.612 1.279 3.75 0.0 
0.887 0.611 1.173 3.667 0.0 
0.903 0.633 1.562 3.727 0.0 
0.902 0.622 1.16 3.667 0.0 
0.898 0.624 1.506 3.667 0.0 
0.896 0.623 1.148 3.615 0.0 
0.874 0.556 1.415 4.167 0.0 
0.89 0.566 1.241 3.333 0.0 
0.893 0.604 1.273 3.846 0.0 
0.9 0.609 1.21 3.889 0.0 
0.892 0.602 0.0 3.692 0.0 
0.897 0.613 1.132 3.75 0.0 
0.899 0.624 1.217 3.667 0.0 
0.889 0.611 1.231 3.6 0.0 
0.901 0.633 1.058 4.733 0.0 
0.911 0.642 1.0 4.8 0.0 
0.893 0.641 1.4 4.0 0.0 
0.897 0.646 1.007 4.0 0.0 
0.895 0.644 1.032 4.0 0.0 
0.91 0.66 1.25 3.9 0.0 
0.897 0.618 1.142 3.75 0.0 
0.899 0.622 1.083 3.714 0.0 
0.88 0.58 1.571 4.833 0.0 
0.903 0.635 1.036 2.733 0.0 
0.878 0.578 1.086 2.778 0.0 
0.893 0.63 1.221 4.3 0.0 
0.901 0.616 1.524 4.167 0.0 
0.89 0.619 1.078 3.923 0.0 
0.908 0.63 1.141 4.0 0.0 
0.904 0.635 1.266 3.833 0.0 
0.888 0.606 1.345 3.692 0.0 
0.9 0.615 1.321 3.667 0.0 
0.893 0.611 1.088 3.667 0.0 
0.908 0.632 1.0 3.765 0.0 
0.893 0.621 1.035 3.7 0.0 
0.89 0.619 1.089 3.692 0.0 
0.895 0.621 1.087 3.733 0.0 
0.911 0.667 1.04 5.7 0.0 
0.898 0.602 1.084 2.222 0.0 
0.895 0.62 1.037 4.357 0.0 
0.889 0.616 1.017 4.333 0.0 
0.896 0.621 1.283 4.364 0.0 
0.893 0.617 1.087 4.333 0.0 
0.902 0.646 1.267 4.1 0.0 
0.903 0.646 1.17 4.1 0.0 
0.896 0.597 1.223 3.5 0.0 
0.892 0.602 1.009 3.778 0.0 
0.879 0.593 1.0 3.727 0.0 
0.9 0.607 1.079 3.818 0.0 
0.914 0.639 1.617 3.9 0.0 
0.895 0.614 1.1 3.8 0.0 
0.901 0.618 1.023 3.818 0.0 
0.901 0.625 1.597 3.818 0.0 
0.895 0.617 1.044 3.778 0.0 
0.893 0.617 1.0 3.75 0.0 
0.895 0.6 1.12 5.571 0.0 
0.899 0.629 1.12 2.3 0.0 
0.896 0.599 1.609 5.111 0.0 
0.902 0.628 1.009 4.625 0.0 
0.887 0.593 1.33 4.2 0.0 
0.891 0.596 1.55 4.222 0.0 
0.9 0.622 2.538 4.333 0.0 
0.906 0.672 1.022 4.0 0.0 
0.89 0.587 1.079 3.818 0.0 
0.894 0.605 1.419 3.9 0.0 
0.896 0.606 1.223 3.9 0.0 
0.898 0.625 1.0 3.875 0.0 
0.896 0.618 1.133 3.833 0.0 
0.901 0.623 1.297 3.818 0.0 
0.9 0.628 1.122 5.444 0.0 
0.889 0.584 1.75 5.167 0.0 
0.89 0.604 1.125 4.583 0.0 
0.901 0.626 1.0 4.583 0.0 
0.9 0.627 1.017 4.571 0.0 
0.897 0.618 1.085 4.125 0.0 
0.896 0.608 1.007 4.071 0.0 
0.899 0.61 1.05 4.091 0.0 
0.897 0.61 1.033 4.083 0.0 
0.903 0.611 1.078 3.917 0.0 
0.894 0.608 1.05 3.75 0.0 
0.895 0.608 1.235 3.75 0.0 
0.893 0.614 1.141 3.923 0.0 
0.901 0.629 1.008 3.938 0.0 
0.897 0.614 1.231 3.833 0.0 
0.897 0.618 1.132 3.909 0.0 
0.896 0.621 1.044 3.9 0.0 
0.893 0.616 1.545 3.857 0.0 
0.908 0.675 1.33 5.0 0.0 
0.894 0.618 1.017 4.857 0.0 
0.902 0.654 1.019 3.125 0.0 
0.902 0.653 1.0 3.75 0.0 
0.909 0.659 1.0 3.786 0.0 
0.899 0.646 1.069 3.778 0.0 
0.913 0.656 1.095 3.846 0.0 
0.909 0.642 1.263 4.182 0.0 
0.898 0.633 1.27 4.133 0.0 
0.887 0.607 1.658 4.0 0.0 
0.889 0.608 1.289 4.0 0.0 
0.894 0.61 1.085 4.0 0.0 
0.89 0.602 1.142 3.909 0.0 
0.901 0.613 1.14 4.0 0.0 
0.901 0.637 1.529 4.0 0.0 
0.901 0.637 1.595 4.0 0.0 
0.9 0.632 1.026 3.9 0.0 
0.909 0.636 1.084 3.933 0.0 
0.894 0.624 1.0 3.929 0.0 
0.897 0.625 1.023 3.938 0.0 
0.899 0.623 1.476 3.917 0.0 
0.895 0.645 1.081 4.786 0.0 
0.906 0.655 1.137 4.867 0.0 
0.902 0.644 1.029 4.143 0.0 
0.882 0.611 1.118 4.0 0.0 
0.903 0.625 1.063 4.083 0.0 
0.896 0.616 2.902 3.923 0.0 
0.897 0.622 1.077 4.0 0.0 
0.897 0.621 1.124 4.0 0.0 
0.902 0.621 1.327 4.0 0.0 
0.902 0.628 1.097 4.0 0.0 
0.91 0.629 1.268 3.889 0.0 
0.904 0.627 1.387 4.0 0.0 
0.9 0.627 1.165 3.917 0.0 
0.897 0.62 1.018 3.933 0.0 
0.897 0.622 1.007 3.923 0.0 
0.887 0.6 1.097 4.364 0.0 
0.896 0.606 1.144 4.429 0.0 
0.9 0.623 1.376 3.375 0.0 
0.901 0.626 1.276 3.4 0.0 
0.887 0.582 1.078 4.077 0.0 
0.897 0.597 1.126 3.6 0.0 
0.916 0.662 1.019 4.25 0.0 
0.893 0.599 1.448 4.0 0.0 
0.889 0.597 1.478 4.0 0.0 
0.897 0.631 1.196 4.143 0.0 
0.899 0.619 1.257 4.091 0.0 
0.895 0.602 1.651 3.909 0.0 
0.89 0.612 2.125 4.0 0.0 
0.904 0.641 1.224 3.929 0.0 
0.897 0.634 1.008 3.909 0.0 
0.902 0.637 1.033 3.933 0.0 
0.898 0.629 1.396 4.0 0.0 
0.901 0.63 1.061 4.0 0.0 
0.9 0.617 1.0 3.909 0.0 
0.889 0.594 2.158 5.0 0.0 
0.905 0.657 1.025 5.0 0.0 
0.897 0.628 1.01 4.833 0.0 
0.893 0.609 1.11 3.3 0.0 
0.889 0.609 1.218 3.3 0.0 
0.897 0.614 1.068 3.333 0.0 
0.891 0.621 1.043 3.333 0.0 
0.89 0.605 1.135 4.182 0.0 
0.891 0.584 1.351 3.778 0.0 
0.894 0.61 1.048 4.143 0.0 
0.892 0.608 1.027 4.111 0.0 
0.901 0.616 1.563 4.125 0.0 
0.897 0.612 1.119 4.071 0.0 
0.902 0.616 1.315 4.091 0.0 
0.899 0.607 1.038 4.0 0.0 
0.899 0.608 1.047 4.0 0.0 
0.897 0.618 1.086 4.0 0.0 
0.896 0.623 1.608 4.0 0.0 
0.897 0.622 1.687 4.0 0.0 
0.901 0.625 1.318 3.875 0.0 
0.898 0.617 1.045 3.857 0.0 
0.885 0.605 1.124 3.857 0.0 
0.89 0.616 1.015 5.222 0.0 
0.882 0.606 1.036 5.182 0.0 
0.897 0.616 1.071 5.25 0.0 
0.899 0.619 1.091 5.333 0.0 
0.884 0.572 1.061 4.667 0.0 
0.893 0.576 1.0 4.714 0.0 
0.88 0.569 1.052 4.667 0.0 
0.894 0.582 1.142 4.727 0.0 
0.905 0.636 1.575 4.333 0.0 
0.904 0.635 1.43 4.353 0.0 
0.9 0.633 1.423 4.333 0.0 
0.9 0.632 1.165 4.333 0.0 
0.906 0.657 1.378 4.0 0.0 
0.911 0.652 1.241 4.25 0.0 
0.903 0.614 1.292 4.167 0.0 
0.896 0.6 1.253 4.0 0.0 
0.898 0.606 1.236 4.0 0.0 
0.896 0.606 1.357 4.0 0.0 
0.893 0.618 1.433 4.0 0.0 
0.895 0.62 1.344 4.0 0.0 
0.898 0.633 1.063 4.833 0.0 
0.899 0.633 1.263 4.818 0.0 
0.904 0.639 1.466 4.875 0.0 
0.906 0.644 1.231 4.909 0.0 
0.894 0.6 1.217 4.545 0.0 
0.895 0.6 1.143 4.556 0.0 
0.893 0.599 1.234 4.556 0.0 
0.901 0.658 1.057 4.5 0.0 
0.898 0.613 1.092 4.429 0.0 
0.898 0.627 1.027 4.364 0.0 
0.91 0.639 1.009 4.3 0.0 
0.892 0.627 1.029 4.222 0.0 
0.915 0.642 1.028 4.333 0.0 
0.899 0.612 1.026 4.182 0.0 
0.898 0.613 1.0 4.188 0.0 
0.902 0.616 1.075 4.211 0.0 
0.895 0.627 1.387 4.2 0.0 
0.904 0.634 1.423 4.25 0.0 
0.9 0.637 1.168 4.0 0.0 
0.904 0.638 1.09 4.091 0.0 
0.903 0.638 1.017 4.083 0.0 
0.892 0.612 1.08 4.0 0.0 
0.89 0.61 1.063 4.0 0.0 
0.887 0.616 1.057 4.0 0.0 
0.896 0.616 1.074 4.0 0.0 
0.896 0.615 1.043 4.0 0.0 
0.889 0.615 1.165 4.0 0.0 
0.902 0.624 1.091 4.067 0.0 
0.887 0.57 1.029 3.833 0.0 
0.891 0.574 1.094 3.857 0.0 
0.903 0.652 1.078 3.833 0.0 
0.903 0.652 1.113 3.846 0.0 
0.904 0.654 1.271 3.846 0.0 
0.897 0.599 1.205 3.667 0.0 
0.892 0.597 1.1 3.636 0.0 
0.893 0.583 1.182 3.857 0.0 
0.891 0.583 1.018 3.857 0.0 
0.907 0.658 1.352 4.133 0.0 
0.9 0.635 1.08 3.824 0.0 
0.892 0.632 1.115 3.833 0.0 
0.908 0.642 1.168 3.9 0.0 
0.902 0.638 1.238 3.857 0.0 
0.894 0.638 1.202 3.941 0.0 
0.892 0.596 1.588 4.0 0.0 
0.906 0.64 1.045 4.0 0.0 
0.904 0.639 1.083 4.0 0.0 
0.905 0.619 1.2 4.0 0.0 
0.909 0.632 1.008 4.077 0.0 
0.901 0.651 1.324 3.286 0.0 
0.904 0.652 1.5 3.3 0.0 
0.899 0.602 1.41 4.615 0.0 
0.911 0.608 1.017 4.667 0.0 
0.903 0.652 1.008 3.692 0.0 
0.896 0.608 1.333 3.571 0.0 
0.889 0.604 1.257 3.545 0.0 
0.889 0.603 1.63 3.545 0.0 
0.901 0.636 1.38 3.75 0.0 
0.897 0.615 1.216 4.286 0.0 
0.904 0.62 1.079 4.333 0.0 
0.9 0.615 1.05 4.3 0.0 
0.895 0.59 1.28 4.0 0.0 
0.891 0.588 1.397 4.0 0.0 
0.901 0.641 1.0 4.308 0.0 
0.908 0.644 1.149 4.333 0.0 
0.908 0.624 1.24 4.267 0.0 
0.9 0.626 1.097 4.25 0.0 
0.91 0.651 1.01 4.222 0.0 
0.907 0.643 1.765 4.091 0.0 
0.892 0.602 1.009 4.0 0.0 
0.894 0.604 1.022 4.0 0.0 
0.907 0.638 1.146 4.0 0.0 
0.897 0.62 1.106 4.1 0.0 
0.897 0.619 1.096 4.083 0.0 
0.886 0.608 1.198 4.0 0.0 
0.899 0.615 1.22 4.0 0.0 
0.884 0.598 1.0 2.375 0.0 
0.905 0.615 1.281 2.429 0.0 
0.902 0.638 1.432 5.0 0.0 
0.883 0.572 1.228 3.4 0.0 
0.913 0.673 1.178 4.647 0.0 
0.89 0.606 1.649 4.444 0.0 
0.899 0.61 1.657 4.455 0.0 
0.901 0.647 1.24 3.643 0.0 
0.891 0.624 1.22 4.444 0.0 
0.904 0.634 1.174 4.5 0.0 
0.902 0.633 1.02 4.5 0.0 
0.909 0.657 1.07 4.5 0.0 
0.882 0.571 1.104 4.0 0.0 
0.894 0.609 1.008 4.364 0.0 
0.902 0.615 1.198 4.4 0.0 
0.896 0.613 1.139 4.375 0.0 
0.91 0.625 1.424 4.455 0.0 
0.899 0.618 1.33 4.4 0.0 
0.896 0.622 1.257 4.4 0.0 
0.894 0.582 1.161 4.0 0.0 
0.896 0.582 1.038 4.0 0.0 
0.892 0.582 1.007 4.0 0.0 
0.91 0.667 1.112 4.267 0.0 
0.901 0.605 1.023 3.692 0.0 
0.892 0.6 1.092 3.667 0.0 
0.9 0.637 1.301 3.778 0.0 
0.877 0.584 1.374 4.0 0.0 
0.88 0.586 1.204 4.0 0.0 
0.914 0.655 1.024 4.286 0.0 
0.903 0.648 1.088 4.231 0.0 
0.905 0.652 1.095 4.063 0.0 
0.898 0.601 3.156 4.0 0.0 
0.893 0.597 1.655 3.818 0.0 
0.902 0.61 1.351 4.111 0.0 
0.907 0.644 1.366 4.167 0.0 
0.896 0.613 1.044 4.1 0.0 
0.902 0.632 1.419 4.0 0.0 
0.898 0.618 1.677 4.071 0.0 
0.899 0.626 1.212 2.8 0.0 
0.901 0.635 1.143 2.8 0.0 
0.888 0.612 1.116 5.0 0.0 
0.9 0.62 1.019 5.091 0.0 
0.887 0.606 1.027 5.0 0.0 
0.894 0.611 1.276 5.0 0.0 
0.9 0.644 1.702 3.25 0.0 
0.896 0.643 1.373 3.222 0.0 
0.912 0.656 1.142 3.267 0.0 
0.907 0.647 1.134 3.273 0.0 
0.898 0.617 1.036 4.667 0.0 
0.898 0.616 1.0 4.667 0.0 
0.891 0.612 1.037 4.615 0.0 
0.909 0.625 1.187 4.714 0.0 
0.897 0.614 1.065 4.625 0.0 
0.895 0.611 1.358 4.625 0.0 
0.892 0.621 1.077 3.385 0.0 
0.89 0.617 1.129 3.375 0.0 
0.902 0.624 1.124 3.429 0.0 
0.893 0.612 1.017 4.455 0.0 
0.888 0.607 1.081 4.444 0.0 
0.889 0.608 1.064 4.444 0.0 
0.892 0.613 1.036 4.462 0.0 
0.893 0.608 1.019 4.455 0.0 
0.901 0.614 1.102 4.5 0.0 
0.903 0.644 1.828 4.556 0.0 
0.889 0.595 3.759 4.3 0.0 
0.896 0.645 1.017 4.333 0.0 
0.907 0.654 1.046 4.4 0.0 
0.894 0.597 1.018 3.8 0.0 
0.907 0.625 1.89 4.278 0.0 
0.901 0.636 1.2 4.25 0.0 
0.905 0.646 1.519 4.133 0.0 
0.895 0.613 1.162 4.111 0.0 
0.898 0.615 1.303 4.125 0.0 
0.894 0.626 1.25 4.125 0.0 
0.895 0.607 1.0 4.0 0.0 
0.888 0.622 1.273 4.0 0.0 
0.898 0.627 1.009 4.091 0.0 
0.898 0.597 1.313 3.25 0.0 
0.895 0.594 1.384 3.25 0.0 
0.886 0.585 1.248 3.2 0.0 
0.878 0.582 1.104 3.222 0.0 
0.889 0.589 2.059 3.25 0.0 
0.902 0.602 1.352 3.333 0.0 
0.889 0.595 1.455 3.25 0.0 
0.9 0.603 1.049 3.333 0.0 
0.895 0.599 1.32 3.333 0.0 
0.886 0.601 1.653 3.364 0.0 
0.9 0.612 1.108 3.4 0.0 
0.905 0.619 1.009 3.429 0.0 
0.894 0.611 1.329 3.417 0.0 
0.904 0.608 1.074 4.5 0.0 
0.891 0.602 1.099 4.444 0.0 
0.889 0.596 1.218 4.417 0.0 
0.907 0.608 1.372 4.5 0.0 
0.9 0.597 1.2 4.4 0.0 
0.895 0.593 1.303 4.375 0.0 
0.903 0.625 1.067 3.571 0.0 
0.891 0.615 1.205 3.5 0.0 
0.9 0.624 1.387 3.556 0.0 
0.892 0.595 1.119 4.333 0.0 
0.9 0.6 1.059 4.4 0.0 
0.887 0.592 1.0 4.333 0.0 
0.894 0.596 1.027 4.357 0.0 
0.905 0.605 1.24 4.429 0.0 
0.907 0.62 1.01 3.625 0.0 
0.895 0.611 1.228 3.571 0.0 
0.887 0.582 1.22 4.143 0.0 
0.891 0.585 1.042 4.143 0.0 
0.907 0.659 2.0 4.364 0.0 
0.884 0.599 1.078 3.667 0.0 
0.883 0.598 1.067 3.667 0.0 
0.897 0.606 1.15 3.727 0.0 
0.897 0.598 1.775 4.111 0.0 
0.888 0.591 1.017 3.833 0.0 
0.897 0.623 1.176 3.818 0.0 
0.897 0.609 1.314 4.167 0.0 
0.911 0.644 1.018 4.267 0.0 
0.889 0.607 1.01 3.778 0.0 
0.892 0.596 1.247 3.909 0.0 
0.898 0.603 1.26 4.0 0.0 
0.902 0.638 1.161 4.111 0.0 
0.89 0.598 1.124 3.923 0.0 
0.893 0.628 1.142 4.0 0.0 
0.892 0.619 1.69 4.077 0.0 
0.908 0.619 1.072 4.1 0.0 
0.905 0.63 8.071 2.889 0.0 
0.892 0.596 1.273 3.2 0.0 
0.88 0.588 1.02 3.143 0.0 
0.9 0.606 1.063 3.273 0.0 
0.894 0.602 1.248 4.636 0.0 
0.88 0.593 1.016 4.571 0.0 
0.898 0.607 1.156 4.636 0.0 
0.896 0.606 1.216 4.625 0.0 
0.893 0.606 1.236 4.625 0.0 
0.89 0.601 1.372 4.571 0.0 
0.897 0.617 1.008 4.583 0.0 
0.896 0.615 1.344 4.583 0.0 
0.899 0.62 1.016 4.625 0.0 
0.892 0.597 1.181 3.429 0.0 
0.886 0.576 1.0 3.5 0.0 
0.885 0.584 1.071 4.2 0.0 
0.891 0.59 1.126 4.25 0.0 
0.895 0.593 1.407 4.273 0.0 
0.891 0.627 1.142 4.412 0.0 
0.894 0.628 1.008 4.417 0.0 
0.895 0.624 1.47 4.417 0.0 
0.906 0.652 1.071 4.429 0.0 
0.897 0.644 1.194 4.385 0.0 
0.888 0.601 1.22 3.647 0.0 
0.901 0.612 1.008 3.7 0.0 
0.905 0.634 1.8 3.818 0.0 
0.906 0.648 1.422 4.308 0.0 
0.904 0.645 1.221 4.3 0.0 
0.893 0.597 1.149 4.143 0.0 
0.891 0.595 1.313 4.143 0.0 
0.892 0.602 1.107 4.1 0.0 
0.89 0.595 1.03 3.857 0.0 
0.895 0.599 1.066 3.875 0.0 
0.896 0.607 1.229 4.111 0.0 
0.9 0.605 1.26 3.929 0.0 
0.894 0.627 1.009 4.0 0.0 
0.899 0.622 1.008 4.125 0.0 
0.89 0.604 1.474 2.25 0.0 
0.898 0.609 1.057 2.333 0.0 
0.9 0.619 1.294 2.333 0.0 
0.893 0.598 1.16 4.875 0.0 
0.902 0.608 1.28 4.923 0.0 
0.893 0.601 1.603 4.9 0.0 
0.902 0.63 1.05 3.286 0.0 
0.894 0.622 1.35 3.25 0.0 
0.907 0.633 1.61 3.3 0.0 
0.892 0.623 1.313 3.222 0.0 
0.901 0.618 1.068 4.75 0.0 
0.898 0.618 1.264 4.75 0.0 
0.892 0.609 1.28 4.7 0.0 
0.893 0.612 1.606 4.714 0.0 
0.905 0.647 1.279 4.786 0.0 
0.907 0.661 1.474 4.727 0.0 
0.893 0.615 1.518 3.4 0.0 
0.891 0.596 1.234 3.556 0.0 
0.887 0.634 2.306 4.333 0.0 
0.895 0.627 1.009 3.7 0.0 
0.902 0.632 1.237 3.75 0.0 
0.905 0.64 2.38 3.8 0.0 
0.905 0.659 1.089 4.1 0.0 
0.885 0.584 1.127 3.7 0.0 
0.909 0.657 1.107 4.167 0.0 
0.908 0.646 1.221 4.267 0.0 
0.895 0.621 1.309 4.222 0.0 
0.893 0.622 1.055 3.818 0.0 
0.905 0.642 1.052 4.125 0.0 
0.892 0.6 1.019 3.857 0.0 
0.894 0.633 1.0 4.0 0.0 
0.9 0.636 1.038 4.143 0.0 
0.894 0.621 1.631 4.111 0.0 
0.906 0.648 1.01 3.364 0.0 
0.911 0.653 1.0 3.375 0.0 
0.907 0.649 1.231 3.364 0.0 
0.909 0.65 1.506 3.364 0.0 
0.909 0.651 1.025 3.333 0.0 
0.906 0.651 1.026 3.333 0.0 
0.91 0.653 1.98 3.333 0.0 
0.909 0.649 1.009 3.4 0.0 
0.893 0.633 1.194 3.333 0.0 
0.909 0.651 1.008 3.438 0.0 
0.888 0.577 1.247 3.222 0.0 
0.889 0.576 1.064 3.222 0.0 
0.894 0.606 1.383 3.286 0.0 
0.903 0.612 1.018 3.308 0.0 
0.888 0.587 1.022 3.417 0.0 
0.902 0.597 1.178 3.462 0.0 
0.893 0.592 1.0 3.417 0.0 
0.892 0.603 1.34 3.455 0.0 
0.91 0.616 2.143 4.5 0.0 
0.916 0.681 1.0 4.286 0.0 
0.91 0.676 1.118 4.267 0.0 
0.908 0.656 1.073 3.8 0.0 
0.908 0.648 1.024 3.846 0.0 
0.902 0.645 1.169 3.833 0.0 
0.899 0.626 2.605 3.75 0.0 
0.887 0.582 1.135 3.8 0.0 
0.906 0.639 1.009 3.818 0.0 
0.903 0.653 1.126 4.083 0.0 
0.907 0.656 1.181 4.091 0.0 
0.901 0.628 1.204 3.833 0.0 
0.892 0.606 1.253 3.8 0.0 
0.891 0.607 1.116 3.8 0.0 
0.893 0.593 1.165 4.692 0.0 
0.889 0.593 1.75 4.625 0.0 
0.895 0.593 1.08 4.667 0.0 
0.885 0.586 1.017 4.6 0.0 
0.902 0.603 1.083 4.833 0.0 
0.887 0.592 1.034 4.714 0.0 
0.898 0.607 1.388 4.75 0.0 
0.887 0.596 1.009 4.667 0.0 
0.897 0.61 1.071 4.778 0.0 
0.898 0.613 1.008 4.8 0.0 
0.902 0.631 1.412 3.333 0.0 
0.909 0.636 1.378 3.375 0.0 
0.896 0.625 1.102 3.308 0.0 
0.899 0.626 1.122 3.333 0.0 
0.892 0.602 1.091 4.556 0.0 
0.913 0.666 1.688 3.706 0.0 
0.9 0.657 1.206 3.667 0.0 
0.888 0.599 1.007 3.4 0.0 
0.903 0.631 1.112 4.545 0.0 
0.898 0.624 1.009 4.5 0.0 
0.897 0.576 1.075 4.125 0.0 
0.877 0.565 1.425 3.6 0.0 
0.898 0.624 1.031 3.588 0.0 
0.901 0.63 4.8 3.889 0.0 
0.897 0.628 1.329 4.286 0.0 
0.899 0.63 1.125 4.3 0.0 
0.897 0.629 1.035 4.273 0.0 
0.892 0.634 1.303 3.846 0.0 
0.903 0.629 1.552 3.818 0.0 
0.899 0.619 1.009 4.222 0.0 
0.906 0.639 1.081 4.2 0.0 
0.893 0.608 1.318 4.091 0.0 
0.917 0.698 1.075 3.55 0.0 
0.912 0.678 1.045 3.455 0.0 
0.91 0.676 1.021 3.429 0.0 
0.892 0.652 1.01 3.357 0.0 
0.903 0.621 1.662 4.875 0.0 
0.899 0.62 1.764 4.846 0.0 
0.901 0.616 1.719 3.2 0.0 
0.89 0.605 7.786 3.375 0.0 
0.896 0.641 1.386 3.5 0.0 
0.9 0.628 1.597 3.462 0.0 
0.902 0.633 1.11 3.545 0.0 
0.913 0.682 1.103 4.0 0.0 
0.902 0.628 1.547 4.5 0.0 
0.898 0.631 1.113 3.6 0.0 
0.891 0.625 1.016 3.563 0.0 
0.898 0.632 1.009 3.571 0.0 
0.903 0.638 1.009 3.6 0.0 
0.9 0.613 1.101 3.538 0.0 
0.882 0.566 1.071 3.889 0.0 
0.909 0.652 1.256 4.4 0.0 
0.911 0.657 1.312 4.389 0.0 
0.881 0.577 1.01 4.0 0.0 
0.901 0.59 1.064 4.1 0.0 
0.901 0.609 1.654 3.714 0.0 
0.91 0.648 1.0 3.889 0.0 
0.9 0.641 1.037 3.857 0.0 
0.897 0.632 1.547 3.818 0.0 
0.896 0.626 1.3 3.846 0.0 
0.891 0.61 2.196 3.8 0.0 
0.899 0.612 1.068 2.667 0.0 
0.895 0.615 1.216 2.727 0.0 
0.895 0.615 1.042 2.75 0.0 
0.901 0.619 1.307 2.8 0.0 
0.897 0.624 1.111 2.875 0.0 
0.899 0.612 1.062 2.889 0.0 
0.903 0.606 1.048 2.7 0.0 
0.898 0.623 1.705 2.875 0.0 
0.894 0.612 1.17 4.9 0.0 
0.881 0.605 1.125 4.857 0.0 
0.907 0.626 1.009 5.0 0.0 
0.888 0.609 1.716 4.889 0.0 
0.902 0.628 1.019 4.875 0.0 
0.896 0.624 1.045 4.875 0.0 
0.897 0.624 1.448 4.875 0.0 
0.906 0.623 1.435 4.833 0.0 
0.909 0.619 1.222 5.0 0.0 
0.904 0.63 1.146 5.0 0.0 
0.904 0.623 4.708 3.375 0.0 
0.902 0.631 1.204 4.7 0.0 
0.914 0.69 1.016 4.643 0.0 
0.908 0.684 1.146 4.615 0.0 
0.894 0.592 1.202 3.5 0.0 
0.887 0.57 1.258 3.6 0.0 
0.91 0.665 1.157 3.813 0.0 
0.893 0.579 1.121 4.125 0.0 
0.89 0.577 1.151 4.091 0.0 
0.905 0.647 1.386 3.714 0.0 
0.906 0.647 1.18 3.7 0.0 
0.896 0.614 1.458 3.571 0.0 
0.895 0.611 1.571 3.556 0.0 
0.895 0.615 1.746 3.571 0.0 
0.894 0.623 1.022 3.667 0.0 
0.899 0.626 1.078 3.667 0.0 
0.894 0.634 1.075 4.3 0.0 
0.911 0.66 1.309 4.235 0.0 
0.895 0.621 4.762 3.909 0.0 
0.882 0.584 1.278 3.889 0.0 
0.905 0.643 1.157 4.2 0.0 
0.9 0.643 1.123 4.056 0.0 
0.917 0.648 1.871 4.0 0.0 
0.894 0.617 2.838 5.375 0.0 
0.903 0.634 1.082 5.4 0.0 
0.903 0.633 1.092 5.429 0.0 
0.904 0.628 1.644 5.333 0.0 
0.906 0.642 1.01 2.923 0.0 
0.893 0.586 2.795 5.0 0.0 
0.879 0.58 1.13 4.818 0.0 
0.894 0.589 1.258 4.857 0.0 
0.888 0.587 1.009 4.833 0.0 
0.885 0.588 1.194 4.833 0.0 
0.89 0.592 1.058 4.833 0.0 
0.889 0.632 1.069 5.0 0.0 
0.904 0.639 1.073 5.091 0.0 
0.901 0.611 1.917 3.25 0.0 
0.889 0.604 1.0 4.5 0.0 
0.89 0.606 1.016 4.556 0.0 
0.895 0.609 1.0 4.571 0.0 
0.901 0.635 1.345 4.6 0.0 
0.894 0.63 1.468 4.583 0.0 
0.904 0.638 1.032 4.636 0.0 
0.898 0.635 1.342 4.636 0.0 
0.899 0.623 2.667 4.571 0.0 
0.911 0.652 1.923 4.571 0.0 
0.888 0.621 1.635 4.333 0.0 
0.902 0.634 1.984 4.429 0.0 
0.901 0.61 1.054 3.667 0.0 
0.887 0.599 3.625 4.083 0.0 
0.903 0.623 1.017 4.222 0.0 
0.892 0.626 1.488 5.143 0.0 
0.903 0.637 1.024 5.2 0.0 
0.892 0.617 1.133 5.0 0.0 
0.894 0.618 1.019 5.0 0.0 
0.909 0.635 1.73 5.091 0.0 
0.909 0.67 1.414 3.5 0.0 
0.905 0.665 1.106 3.5 0.0 
0.912 0.666 1.521 3.462 0.0 
0.888 0.573 1.152 4.333 0.0 
0.888 0.575 1.304 4.375 0.0 
0.883 0.559 1.089 4.0 0.0 
0.911 0.649 1.309 4.636 0.0 
0.91 0.649 1.323 4.625 0.0 
0.905 0.647 1.287 4.6 0.0 
0.898 0.639 1.008 4.556 0.0 
0.9 0.64 1.213 4.545 0.0 
0.9 0.651 1.009 4.556 0.0 
0.899 0.604 1.042 4.333 0.0 
0.9 0.604 1.049 4.333 0.0 
0.889 0.594 1.053 4.3 0.0 
0.891 0.595 1.303 4.286 0.0 
0.912 0.665 1.388 4.083 0.0 
0.883 0.59 1.064 4.125 0.0 
0.9 0.602 1.034 4.214 0.0 
0.897 0.627 1.117 4.333 0.0 
0.907 0.654 1.074 4.294 0.0 
0.908 0.656 1.079 4.3 0.0 
0.904 0.651 1.118 4.3 0.0 
0.893 0.605 1.031 4.231 0.0 
0.89 0.6 1.25 4.111 0.0 
0.905 0.622 1.689 4.25 0.0 
0.893 0.606 1.103 4.125 0.0 
0.885 0.591 1.04 4.917 0.0 
0.906 0.613 1.13 5.067 0.0 
0.898 0.605 1.25 5.0 0.0 
0.89 0.599 1.191 5.0 0.0 
0.901 0.611 1.388 5.0 0.0 
0.897 0.599 1.009 5.125 0.0 
0.894 0.591 1.16 5.091 0.0 
0.892 0.608 2.13 5.091 0.0 
0.901 0.614 1.938 5.167 0.0 
0.89 0.604 1.117 3.0 0.0 
0.888 0.604 1.167 3.0 0.0 
0.895 0.61 1.02 3.0 0.0 
0.902 0.614 1.109 3.0 0.0 
0.892 0.599 1.177 3.0 0.0 
0.894 0.612 1.028 3.077 0.0 
0.901 0.639 1.152 3.167 0.0 
0.904 0.637 1.484 3.167 0.0 
0.904 0.639 1.545 3.231 0.0 
0.904 0.64 1.326 3.25 0.0 
0.904 0.638 1.398 3.25 0.0 
0.906 0.638 1.467 3.25 0.0 
0.895 0.604 2.143 4.75 0.0 
0.896 0.628 1.177 3.364 0.0 
0.901 0.632 1.018 3.375 0.0 
0.907 0.636 1.045 3.438 0.0 
0.897 0.631 1.218 3.4 0.0 
0.907 0.638 1.135 3.375 0.0 
0.899 0.617 1.096 3.364 0.0 
0.89 0.611 1.227 3.333 0.0 
0.893 0.612 1.295 3.333 0.0 
0.887 0.58 1.018 4.4 0.0 
0.871 0.61 1.133 4.429 0.0 
0.905 0.633 1.091 4.615 0.0 
0.902 0.628 1.146 4.556 0.0 
0.896 0.623 1.191 4.538 0.0 
0.89 0.614 1.578 3.5 0.0 
0.903 0.636 1.028 3.667 0.0 
0.902 0.634 1.107 3.667 0.0 
0.902 0.638 1.228 3.714 0.0 
0.909 0.644 1.018 4.5 0.0 
0.89 0.584 2.107 3.75 0.0 
0.902 0.626 1.083 3.714 0.0 
0.894 0.622 1.152 3.7 0.0 
0.9 0.639 1.115 3.8 0.0 
0.894 0.634 1.027 3.786 0.0 
0.899 0.652 1.242 4.214 0.0 
0.898 0.593 1.042 3.875 0.0 
0.89 0.6 1.083 4.143 0.0 
0.901 0.623 1.073 4.273 0.0 
0.898 0.602 1.258 4.1 0.0 
0.916 0.648 3.222 4.154 0.0 
0.891 0.577 1.364 5.1 0.0 
0.885 0.57 1.494 5.167 0.0 
0.887 0.577 1.852 5.333 0.0 
0.889 0.582 1.134 5.333 0.0 
0.89 0.586 1.096 5.125 0.0 
0.884 0.592 1.723 5.286 0.0 
0.91 0.668 1.176 3.2 0.0 
0.888 0.577 2.478 3.0 0.0 
0.9 0.646 1.169 4.909 0.0 
0.906 0.651 1.067 5.0 0.0 
0.892 0.617 1.049 3.3 0.0 
0.889 0.616 1.115 3.286 0.0 
0.896 0.621 1.459 3.3 0.0 
0.91 0.629 1.761 3.364 0.0 
0.903 0.628 1.733 3.375 0.0 
0.899 0.624 1.554 3.357 0.0 
0.901 0.622 1.083 4.727 0.0 
0.894 0.617 1.011 4.714 0.0 
0.891 0.603 1.272 3.333 0.0 
0.884 0.594 1.478 3.3 0.0 
0.888 0.551 1.176 3.8 0.0 
0.9 0.65 1.08 3.727 0.0 
0.918 0.661 1.347 3.769 0.0 
0.897 0.609 1.903 3.545 0.0 
0.89 0.577 1.039 3.875 0.0 
0.904 0.659 1.236 4.0 0.0 
0.9 0.622 5.571 4.0 0.0 
0.904 0.662 1.008 4.182 0.0 
0.908 0.663 1.303 4.182 0.0 
0.887 0.59 1.807 4.143 0.0 
0.897 0.617 1.16 4.333 0.0 
0.899 0.617 1.072 4.333 0.0 
0.898 0.621 1.047 4.333 0.0 
0.904 0.653 1.438 4.0 0.0 
0.907 0.656 1.693 4.0 0.0 
0.888 0.589 1.11 3.778 0.0 
0.902 0.6 1.4 3.909 0.0 
0.886 0.594 1.058 2.429 0.0 
0.891 0.599 1.169 2.5 0.0 
0.897 0.608 1.022 2.615 0.0 
0.902 0.614 1.541 2.6 0.0 
0.894 0.616 1.025 2.444 0.0 
0.901 0.601 1.494 5.5 0.0 
0.891 0.603 1.5 5.438 0.0 
0.905 0.664 1.2 2.833 0.0 
0.912 0.671 1.589 2.833 0.0 
0.902 0.655 1.019 2.786 0.0 
0.888 0.58 1.009 3.25 0.0 
0.882 0.579 1.507 3.25 0.0 
0.888 0.622 1.685 4.714 0.0 
0.885 0.572 2.975 4.25 0.0 
0.879 0.554 1.034 3.889 0.0 
0.883 0.56 1.39 3.9 0.0 
0.893 0.591 1.609 4.286 0.0 
0.889 0.589 1.438 3.556 0.0 
0.886 0.591 1.359 3.571 0.0 
0.903 0.645 1.018 3.75 0.0 
0.904 0.646 1.181 3.769 0.0 
0.9 0.64 1.028 3.769 0.0 
0.904 0.638 1.155 4.438 0.0 
0.895 0.611 1.042 3.643 0.0 
0.898 0.612 1.084 3.667 0.0 
0.903 0.615 1.235 3.667 0.0 
0.89 0.588 1.39 4.143 0.0 
0.892 0.642 1.2 3.846 0.0 
0.898 0.601 1.541 4.2 0.0 
0.903 0.593 1.0 4.0 0.0 
0.898 0.629 1.235 3.778 0.0 
0.894 0.611 1.242 4.214 0.0 
0.887 0.597 1.037 5.8 0.0 
0.893 0.609 1.051 5.8 0.0 
0.9 0.617 1.025 5.818 0.0 
0.884 0.593 1.134 5.667 0.0 
0.88 0.582 1.282 5.667 0.0 
0.908 0.655 1.529 3.167 0.0 
0.911 0.66 1.902 3.231 0.0 
0.916 0.668 1.067 3.333 0.0 
0.888 0.592 1.913 4.8 0.0 
0.889 0.6 1.354 4.8 0.0 
0.888 0.59 1.573 4.714 0.0 
0.889 0.59 1.603 4.714 0.0 
0.899 0.633 1.18 3.5 0.0 
0.912 0.646 1.034 3.556 0.0 
0.904 0.665 1.319 3.714 0.0 
0.893 0.575 2.763 4.167 0.0 
0.901 0.609 1.161 3.538 0.0 
0.902 0.607 1.01 3.538 0.0 
0.899 0.602 1.027 3.5 0.0 
0.895 0.631 1.167 4.5 0.0 
0.881 0.561 1.4 3.833 0.0 
0.914 0.669 1.179 4.4 0.0 
0.881 0.584 1.173 3.6 0.0 
0.891 0.591 1.045 3.667 0.0 
0.906 0.632 1.017 4.429 0.0 
0.903 0.629 1.02 4.417 0.0 
0.899 0.645 3.043 3.882 0.0 
0.889 0.602 1.275 4.25 0.0 
0.889 0.586 1.771 4.071 0.0 
0.888 0.582 1.27 4.0 0.0 
0.884 0.582 1.438 3.75 0.0 
0.9 0.622 1.967 3.75 0.0 
0.895 0.598 1.0 3.75 0.0 
0.885 0.585 1.13 2.0 0.0 
0.898 0.595 1.188 3.0 0.0 
0.885 0.59 1.106 3.0 0.0 
0.894 0.587 1.301 3.0 0.0 
0.887 0.582 1.651 3.0 0.0 
0.886 0.58 1.0 3.0 0.0 
0.913 0.659 3.25 3.5 0.0 
0.908 0.63 1.6 4.667 0.0 
0.908 0.63 1.636 4.688 0.0 
0.903 0.628 1.248 4.667 0.0 
0.901 0.62 1.009 4.556 0.0 
0.893 0.617 1.008 4.545 0.0 
0.907 0.646 1.095 3.667 0.0 
0.899 0.638 1.235 3.667 0.0 
0.891 0.577 1.11 3.667 0.0 
0.904 0.622 1.696 3.667 0.0 
0.902 0.656 1.488 3.929 0.0 
0.904 0.657 1.213 3.923 0.0 
0.899 0.635 2.907 4.353 0.0 
0.91 0.659 1.0 4.353 0.0 
0.901 0.656 2.391 4.091 0.0 
0.905 0.651 1.008 3.0 0.0 
0.911 0.658 1.235 3.111 0.0 
0.896 0.619 1.224 3.0 0.0 
0.898 0.621 1.198 3.0 0.0 
0.894 0.622 1.008 3.0 0.0 
0.897 0.622 2.019 3.0 0.0 
0.895 0.632 1.068 3.0 0.0 
0.911 0.645 1.048 3.077 0.0 
0.907 0.637 1.072 3.071 0.0 
0.888 0.607 1.073 3.2 0.0 
0.9 0.614 1.094 3.2 0.0 
0.895 0.614 0.0 3.167 0.0 
0.897 0.617 1.416 3.125 0.0 
0.906 0.652 1.077 4.75 0.0 
0.893 0.648 1.58 4.7 0.0 
0.911 0.653 1.705 4.714 0.0 
0.899 0.622 1.079 3.5 0.0 
0.89 0.614 1.05 3.444 0.0 
0.898 0.624 1.01 3.5 0.0 
0.892 0.612 1.017 3.444 0.0 
0.895 0.613 1.049 3.455 0.0 
0.896 0.613 1.131 3.444 0.0 
0.894 0.612 1.4 3.444 0.0 
0.902 0.619 1.192 3.429 0.0 
0.902 0.62 1.05 3.429 0.0 
0.911 0.663 1.125 3.737 0.0 
0.917 0.675 1.056 3.882 0.0 
0.914 0.674 1.162 3.917 0.0 
0.891 0.589 1.035 3.6 0.0 
0.893 0.587 1.041 3.625 0.0 
0.906 0.647 1.658 3.769 0.0 
0.89 0.578 1.102 4.0 0.0 
0.899 0.606 1.25 3.667 0.0 
0.899 0.633 1.026 2.5 0.0 
0.906 0.638 1.3 2.5 0.0 
0.903 0.631 1.413 2.556 0.0 
0.895 0.621 1.158 2.25 0.0 
0.903 0.638 1.017 2.7 0.0 
0.886 0.592 1.052 2.857 0.0 
0.882 0.585 1.106 2.833 0.0 
0.89 0.593 1.917 2.889 0.0 
0.888 0.59 1.614 2.875 0.0 
0.904 0.596 1.672 2.8 0.0 
0.886 0.579 1.054 4.8 0.0 
0.91 0.652 1.111 4.875 0.0 
0.906 0.646 1.019 4.857 0.0 
0.904 0.65 1.437 4.833 0.0 
0.9 0.592 1.68 3.444 0.0 
0.888 0.575 1.198 3.333 0.0 
0.884 0.575 1.037 3.333 0.0 
0.886 0.578 1.329 3.5 0.0 
0.888 0.612 1.115 4.333 0.0 
0.894 0.615 1.009 4.4 0.0 
0.906 0.625 1.018 4.462 0.0 
0.898 0.617 1.148 3.625 0.0 
0.915 0.629 1.212 3.667 0.0 
0.897 0.616 1.161 3.6 0.0 
0.899 0.621 1.53 3.6 0.0 
0.87 0.565 1.259 4.8 0.0 
0.889 0.562 1.274 4.778 0.0 
0.884 0.575 1.224 5.0 0.0 
0.888 0.578 1.099 5.0 0.0 
0.906 0.643 10.091 4.071 0.0 
0.885 0.579 1.736 4.273 0.0 
0.872 0.567 1.353 4.231 0.0 
0.89 0.584 1.457 4.375 0.0 
0.893 0.588 1.138 4.333 0.0 
0.898 0.596 1.261 4.5 0.0 
0.889 0.589 1.042 4.417 0.0 
0.88 0.584 1.0 4.375 0.0 
0.89 0.588 1.275 4.5 0.0 
0.894 0.591 1.0 4.5 0.0 
0.895 0.607 1.105 3.412 0.0 
0.9 0.653 1.168 4.5 0.0 
0.893 0.599 2.019 3.556 0.0 
0.886 0.599 1.619 4.286 0.0 
0.904 0.643 1.208 4.417 0.0 
0.904 0.645 1.101 4.417 0.0 
0.903 0.644 1.038 4.455 0.0 
0.891 0.582 1.168 4.091 0.0 
0.89 0.583 1.086 5.5 0.0 
0.879 0.565 3.486 5.667 0.0 
0.888 0.608 1.101 5.5 0.0 
0.888 0.574 1.096 2.667 0.0 
0.882 0.569 1.064 2.714 0.0 
0.889 0.576 1.0 2.8 0.0 
0.889 0.603 1.088 4.429 0.0 
0.893 0.616 1.284 4.444 0.0 
0.912 0.677 1.395 4.133 0.0 
0.912 0.675 1.333 4.125 0.0 
0.893 0.608 1.159 6.333 0.0 
0.899 0.607 1.337 6.25 0.0 
0.894 0.588 1.17 6.333 0.0 
0.891 0.55 1.269 5.25 0.0 
0.893 0.597 1.511 3.143 0.0 
0.906 0.611 1.167 3.125 0.0 
0.887 0.569 2.317 3.167 0.0 
0.888 0.572 1.261 3.2 0.0 
0.89 0.57 1.484 4.4 0.0 
0.901 0.651 2.5 3.692 0.0 
0.891 0.587 1.372 3.5 0.0 
0.885 0.568 1.216 4.0 0.0 
0.888 0.57 1.248 2.25 0.0 
0.893 0.576 1.256 2.25 0.0 
0.91 0.67 2.098 4.667 0.0 
0.903 0.658 1.471 4.6 0.0 
0.908 0.665 1.0 4.737 0.0 
0.911 0.681 1.048 4.75 0.0 
0.894 0.569 1.101 4.2 0.0 
0.879 0.553 1.173 3.667 0.0 
0.89 0.607 11.4 3.429 0.0 
0.906 0.653 1.055 3.5 0.0 
0.911 0.656 1.23 3.5 0.0 
0.905 0.636 1.545 3.286 0.0 
0.897 0.621 1.083 3.2 0.0 
0.896 0.62 1.242 3.25 0.0 
0.905 0.673 1.184 3.688 0.0 
0.883 0.55 1.519 4.0 0.0 
0.894 0.576 2.4 4.25 0.0 
0.9 0.664 1.184 2.571 0.0 
0.912 0.658 1.098 2.333 0.0 
0.879 0.545 1.655 5.0 0.0 
0.89 0.593 4.0 3.167 0.0 
0.892 0.583 1.932 3.286 0.0 
0.881 0.548 1.211 3.5 0.0 
0.888 0.59 2.943 4.636 0.0 
0.894 0.59 1.449 4.6 0.0 
0.877 0.549 1.5 4.6 0.0 
0.91 0.645 1.298 4.75 0.0 
0.892 0.599 1.771 4.5 0.0 
0.898 0.644 1.099 4.538 0.0 
0.904 0.651 1.529 4.636 0.0 
0.902 0.635 1.096 4.9 0.0 
0.904 0.635 1.657 4.9 0.0 
0.898 0.625 1.109 4.8 0.0 
0.898 0.625 1.068 4.75 0.0 
0.903 0.654 1.458 5.143 0.0 
0.891 0.597 8.308 4.25 0.0 
0.887 0.56 1.382 3.2 0.0 
0.884 0.561 1.615 3.0 0.0 
0.829 0.394 1.0 3.0 0.0 
0.829 0.399 1.02 3.0 0.0 
0.835 0.414 1.043 3.0 0.0 
0.828 0.365 1.0 6.0 1.0 
0.81 0.349 1.024 6.0 1.0 
0.829 0.341 1.0 6.0 1.0 
0.835 0.333 1.0 6.0 1.0 
0.826 0.387 1.029 6.0 1.0 
0.836 0.389 1.0 6.0 1.0 
0.842 0.393 1.029 6.0 1.0 
0.842 0.386 1.051 7.0 1.0 
0.834 0.374 1.028 5.0 1.0 
0.846 0.371 1.067 5.0 1.0 
0.837 0.324 1.031 5.0 1.0 
0.842 0.428 1.0 4.0 1.0 
0.825 0.399 1.0 4.0 1.0 
0.838 0.367 1.0 4.0 1.0 
0.841 0.373 1.0 4.0 1.0 
0.837 0.37 1.0 4.0 1.0 
0.844 0.38 1.0 4.0 1.0 
0.845 0.382 1.05 4.0 1.0 
0.838 0.389 1.075 4.0 1.0 
0.853 0.393 1.0 4.0 1.0 
0.803 0.328 1.0 4.0 1.0 
0.812 0.331 1.03 4.0 1.0 
0.829 0.342 1.0 4.0 1.0 
0.831 0.341 1.0 4.0 1.0 
0.829 0.345 1.0 4.0 1.0 
0.823 0.3 1.047 4.0 1.0 
0.83 0.425 1.03 2.0 2.0 
0.828 0.377 1.049 2.0 2.0 
0.829 0.362 1.029 2.0 2.0 
0.835 0.343 1.0 2.0 2.0 
0.827 0.346 1.059 1.0 2.0 
0.835 0.401 1.038 8.0 3.0 
0.844 0.35 1.073 8.0 3.0 
0.823 0.351 1.022 8.0 3.0 
0.849 0.375 1.0 0.0 4.0 
0.849 0.384 1.027 0.0 4.0 
0.834 0.358 1.0 0.0 4.0 
0.899 0.596 3.161 1.5 5.0 
0.9 0.639 1.244 1.333 5.0 
0.901 0.619 36.0 4.75 6.0 
0.904 0.617 110.0 4.091 7.0 
