bidder0: 0,913 0,634 0,000 6,500 0
bidder1: 0,914 0,655 4,500 7,000 0
bidder2: 0,906 0,631 0,000 4,000 0
bidder3: 0,910 0,716 0,000 0,000 0
bidder4: 0,946 0,796 0,000 4,333 0
bidder5: 0,876 0,555 0,000 5,000 0
bidder6: 0,803 0,454 0,000 0,000 0
bidder7: 0,895 0,499 1,000 4,000 0
bidder8: 0,896 0,673 0,000 5,000 0
bidder9: 0,900 0,609 0,000 1,000 0
bidder10: 0,889 0,544 2,333 3,000 0
bidder11: 0,914 0,693 8,000 2,000 0
bidder12: 0,929 0,702 0,000 4,000 0
bidder13: 0,873 0,579 0,000 4,000 0
bidder14: 0,893 0,716 0,000 8,000 0
bidder15: 0,934 0,713 8,500 5,000 0
bidder16: 0,878 0,608 0,000 5,000 0
bidder17: 0,890 0,537 1,545 2,000 0
bidder18: 0,887 0,585 0,000 4,000 0
bidder19: 0,882 0,548 0,000 4,000 0
bidder20: 0,894 0,537 0,000 2,000 0
bidder21: 0,886 0,536 4,333 4,000 0
bidder22: 0,928 0,701 0,000 2,000 0
bidder23: 0,940 0,776 1,143 3,000 0
bidder24: 0,907 0,692 0,000 4,333 0
bidder25: 0,854 0,462 0,000 6,000 0
bidder26: 0,892 0,598 0,000 4,000 0
bidder27: 0,864 0,470 1,273 6,000 0
bidder28: 0,922 0,674 0,000 1,000 0
bidder29: 0,858 0,557 0,000 8,000 0
bidder30: 0,887 0,613 1,000 4,000 0
bidder31: 0,920 0,660 0,000 4,000 0
bidder32: 0,893 0,525 1,444 4,000 0
bidder33: 0,904 0,629 5,000 2,000 0
bidder34: 0,895 0,649 1,750 4,000 0
bidder35: 0,930 0,675 15,000 3,000 0
bidder36: 0,849 0,468 1,000 8,000 0
bidder37: 0,876 0,634 2,375 3,000 0
bidder38: 0,894 0,668 6,000 4,000 0
bidder39: 0,879 0,544 8,000 8,000 0
bidder40: 0,897 0,546 1,667 5,000 0
bidder41: 0,882 0,558 0,000 3,000 0
bidder42: 0,888 0,578 0,000 5,000 0
bidder43: 0,857 0,524 1,444 7,000 0
bidder44: 0,921 0,661 0,000 0,000 0
bidder45: 0,885 0,627 1,625 5,000 0
bidder46: 0,909 0,547 2,400 0,500 0
bidder47: 0,890 0,646 1,750 4,000 0
bidder48: 0,843 0,526 2,000 1,000 0
bidder49: 0,881 0,489 1,100 7,000 0
bidder50: 0,931 0,700 0,000 2,333 0
bidder51: 0,922 0,662 0,000 4,333 0
bidder52: 0,857 0,562 1,429 7,000 0
bidder53: 0,872 0,534 0,000 4,000 0
bidder54: 0,908 0,748 1,333 4,000 0
bidder55: 0,896 0,576 0,000 4,000 0
bidder56: 0,911 0,674 2,500 4,000 0
bidder57: 0,875 0,597 0,000 5,000 0
bidder58: 0,893 0,497 0,000 4,500 0
bidder59: 0,864 0,485 4,000 0,000 0
bidder60: 0,887 0,631 0,000 3,000 0
bidder61: 0,887 0,622 2,000 7,000 0
bidder62: 0,870 0,513 1,200 2,000 0
bidder63: 0,967 0,783 0,000 3,000 0
bidder64: 0,904 0,613 1,000 4,000 0
bidder65: 0,896 0,621 0,000 5,000 0
bidder66: 0,892 0,619 0,000 4,000 0
bidder67: 0,864 0,628 0,000 4,000 0
bidder68: 0,941 0,708 0,000 4,000 0
bidder69: 0,879 0,641 0,000 4,000 0
bidder70: 0,884 0,563 0,000 8,000 0
bidder71: 0,892 0,598 1,600 8,000 0
bidder72: 0,865 0,469 4,500 5,000 0
bidder73: 0,969 0,899 0,000 2,500 0
bidder74: 0,891 0,566 0,000 1,000 0
bidder75: 0,884 0,599 1,417 5,000 0
bidder76: 0,888 0,601 1,125 4,000 0
bidder77: 0,915 0,692 0,000 4,000 0
bidder78: 0,913 0,668 0,000 3,000 0
bidder79: 0,925 0,721 14,000 4,000 0
bidder80: 0,871 0,630 0,000 4,000 0
bidder81: 0,896 0,741 11,000 4,000 0
bidder82: 0,914 0,521 1,500 7,000 0
bidder83: 0,874 0,441 0,000 5,000 0
bidder84: 0,898 0,634 1,333 5,000 0
bidder85: 0,898 0,553 0,000 3,000 0
bidder86: 0,910 0,605 1,000 6,000 0
bidder87: 0,889 0,510 0,000 6,000 0
bidder88: 0,900 0,611 0,000 2,000 0
bidder89: 0,878 0,583 0,000 4,000 0
bidder90: 0,908 0,622 0,000 8,000 0
bidder91: 0,888 0,619 0,000 4,000 0
bidder92: 0,920 0,718 1,375 2,000 0
bidder93: 0,829 0,453 1,500 4,000 0
bidder94: 0,916 0,702 0,000 4,000 0
bidder95: 0,903 0,673 0,000 4,000 0
bidder96: 0,886 0,631 0,000 4,000 0
bidder97: 0,870 0,554 12,000 4,000 0
bidder98: 0,891 0,619 7,000 4,500 0
bidder99: 0,916 0,708 0,000 5,333 0
bidder100: 0,875 0,463 1,300 4,000 0
bidder101: 0,853 0,482 0,000 6,000 0
bidder102: 0,918 0,675 0,000 4,000 0
bidder103: 0,900 0,586 1,000 2,000 0
bidder104: 0,938 0,726 1,333 4,000 0
bidder105: 0,880 0,575 0,000 8,000 0
bidder106: 0,917 0,632 1,100 5,000 0
bidder107: 0,903 0,615 2,250 2,500 0
bidder108: 0,897 0,619 1,000 3,000 0
bidder109: 0,903 0,591 0,000 4,000 0
bidder110: 0,894 0,574 0,000 5,000 0
bidder111: 0,919 0,727 1,333 7,000 0
bidder112: 0,884 0,618 3,750 5,500 0
bidder113: 0,898 0,653 1,167 4,000 0
bidder114: 0,900 0,630 0,000 4,000 0
bidder115: 0,850 0,472 0,000 4,000 0
bidder116: 0,863 0,457 0,000 1,000 0
bidder117: 0,884 0,488 0,000 5,000 0
bidder118: 0,911 0,697 0,000 1,000 0
bidder119: 0,906 0,662 0,000 2,000 0
bidder120: 0,883 0,612 0,000 3,500 0
bidder121: 0,875 0,598 0,000 4,000 0
bidder122: 0,892 0,511 1,111 4,000 0
bidder123: 0,860 0,496 3,333 4,000 0
bidder124: 0,876 0,623 0,000 3,000 0
bidder125: 0,910 0,671 1,000 8,000 0
bidder126: 0,898 0,595 1,077 2,000 0
bidder127: 0,890 0,573 0,000 2,000 0
bidder128: 0,909 0,638 0,000 4,500 0
bidder129: 0,884 0,631 1,444 4,000 0
bidder130: 0,885 0,558 3,667 4,000 0
bidder131: 0,866 0,537 1,083 4,000 0
bidder132: 0,903 0,575 1,286 2,000 0
bidder133: 0,899 0,627 0,000 4,000 0
bidder134: 0,899 0,650 1,571 7,000 0
bidder135: 0,874 0,527 1,625 1,000 0
bidder136: 0,912 0,678 5,333 3,000 0
bidder137: 0,915 0,698 1,133 6,000 0
bidder138: 0,867 0,530 0,000 4,000 0
bidder139: 0,918 0,700 1,000 5,667 0
bidder140: 0,874 0,664 1,111 4,000 0
bidder141: 0,887 0,658 0,000 3,000 0
bidder142: 0,929 0,695 0,000 5,000 0
bidder143: 0,901 0,623 0,000 4,000 0
bidder144: 0,903 0,653 0,000 2,000 0
bidder145: 0,892 0,606 0,000 5,000 0
bidder146: 0,875 0,648 0,000 4,333 0
bidder147: 0,925 0,760 3,000 6,000 0
bidder148: 0,865 0,591 14,000 3,500 0
bidder149: 0,896 0,673 0,000 5,500 0
bidder150: 0,895 0,524 1,429 4,000 0
bidder151: 0,866 0,562 0,000 8,000 0
bidder152: 0,903 0,619 2,250 0,000 0
bidder153: 0,892 0,589 1,750 4,000 0
bidder154: 0,911 0,625 0,000 4,000 0
bidder155: 0,874 0,638 0,000 3,000 0
bidder156: 0,883 0,640 5,000 2,000 0
bidder157: 0,875 0,592 0,000 4,000 0
bidder158: 0,887 0,521 0,000 4,000 0
bidder159: 0,884 0,522 2,200 6,000 0
bidder160: 0,868 0,702 1,300 5,250 0
bidder161: 0,891 0,607 0,000 4,000 0
bidder162: 0,904 0,622 0,000 6,000 0
bidder163: 0,883 0,649 0,000 4,000 0
bidder164: 0,942 0,703 0,000 4,000 0
bidder165: 0,916 0,687 0,000 2,000 0
bidder166: 0,885 0,626 1,143 3,000 0
bidder167: 0,885 0,460 0,000 3,000 0
bidder168: 0,864 0,579 0,000 2,000 0
bidder169: 0,898 0,621 0,000 5,000 0
bidder170: 0,905 0,655 1,333 1,000 0
bidder171: 0,919 0,679 0,000 4,000 0
bidder172: 0,918 0,645 0,000 4,000 0
bidder173: 0,889 0,563 0,000 8,000 0
bidder174: 0,897 0,603 0,000 4,000 0
bidder175: 0,860 0,517 0,000 4,000 0
bidder176: 0,845 0,612 0,000 6,000 0
bidder177: 0,884 0,620 15,000 4,500 0
bidder178: 0,842 0,564 0,000 4,000 0
bidder179: 0,891 0,636 1,067 4,000 0
bidder180: 0,870 0,454 1,125 4,000 0
bidder181: 0,893 0,617 0,000 4,000 0
bidder182: 0,868 0,540 0,000 8,000 0
bidder183: 0,906 0,569 1,091 4,000 0
bidder184: 0,897 0,628 0,000 4,000 0
bidder185: 0,839 0,493 0,000 4,000 0
bidder186: 0,925 0,668 0,000 5,000 0
bidder187: 0,931 0,769 0,000 4,000 0
bidder188: 0,917 0,624 0,000 5,500 0
bidder189: 0,824 0,502 1,333 1,000 0
bidder190: 0,894 0,525 0,000 5,000 0
bidder191: 0,892 0,526 8,000 5,000 0
bidder192: 0,941 0,808 1,600 5,500 0
bidder193: 0,890 0,580 0,000 4,000 0
bidder194: 0,882 0,609 0,000 4,000 0
bidder195: 0,848 0,570 1,182 2,000 0
bidder196: 0,935 0,772 1,333 6,000 0
bidder197: 0,922 0,677 0,000 4,000 0
bidder198: 0,908 0,714 0,000 4,500 0
bidder199: 0,917 0,681 0,000 2,000 0
bidder200: 0,858 0,466 0,000 4,000 0
bidder201: 0,894 0,601 0,000 4,000 0
bidder202: 0,918 0,666 1,667 4,000 0
bidder203: 0,927 0,718 0,000 3,500 0
bidder204: 0,893 0,656 3,000 6,500 0
bidder205: 0,863 0,633 0,000 3,000 0
bidder206: 0,847 0,521 0,000 4,000 0
bidder207: 0,893 0,697 0,000 4,000 0
bidder208: 0,877 0,533 0,000 2,000 0
bidder209: 0,844 0,405 3,667 4,000 0
bidder210: 0,936 0,718 2,000 1,000 0
bidder211: 0,921 0,645 11,000 4,000 0
bidder212: 0,891 0,617 0,000 1,500 0
bidder213: 0,884 0,536 0,000 5,000 0
bidder214: 0,865 0,550 1,750 4,000 0
bidder215: 0,849 0,559 1,000 4,000 0
bidder216: 0,928 0,776 0,000 4,000 0
bidder217: 0,915 0,616 0,000 1,000 0
bidder218: 0,910 0,632 7,500 3,000 0
bidder219: 0,903 0,618 1,714 0,000 0
bidder220: 0,886 0,635 1,500 2,000 0
bidder221: 0,926 0,683 0,000 5,333 0
bidder222: 0,902 0,619 1,375 2,500 0
bidder223: 0,853 0,499 0,000 6,000 0
bidder224: 0,869 0,596 0,000 5,000 0
bidder225: 0,872 0,561 1,071 2,000 0
bidder226: 0,927 0,706 0,000 3,500 0
bidder227: 0,920 0,736 1,444 5,000 0
bidder228: 0,890 0,606 1,250 4,000 0
bidder229: 0,868 0,633 0,000 4,000 0
bidder230: 0,876 0,597 8,000 4,000 0
bidder231: 0,877 0,581 0,000 4,000 0
bidder232: 0,923 0,613 1,200 4,000 0
bidder233: 0,864 0,625 0,000 4,000 0
bidder234: 0,885 0,624 1,889 4,000 0
bidder235: 0,886 0,592 0,000 1,000 0
bidder236: 0,898 0,595 1,214 7,000 0
bidder237: 0,939 0,729 3,667 5,500 0
bidder238: 0,904 0,622 0,000 4,000 0
bidder239: 0,935 0,735 0,000 4,000 0
bidder240: 0,908 0,622 1,545 2,000 0
bidder241: 0,942 0,641 0,000 4,000 0
bidder242: 0,878 0,551 0,000 6,000 0
bidder243: 0,873 0,643 0,000 7,000 0
bidder244: 0,869 0,565 1,143 4,000 0
bidder245: 0,927 0,726 1,308 2,500 0
bidder246: 0,896 0,654 1,375 5,000 0
bidder247: 0,923 0,717 0,000 4,333 0
bidder248: 0,902 0,586 4,000 4,000 0
bidder249: 0,916 0,718 1,167 4,000 0
bidder250: 0,906 0,706 1,000 4,000 0
bidder251: 0,868 0,493 1,714 6,000 0
bidder252: 0,898 0,627 0,000 4,000 0
bidder253: 0,875 0,505 2,400 5,000 0
bidder254: 0,902 0,588 1,750 3,667 0
bidder255: 0,915 0,618 0,000 3,000 0
bidder256: 0,888 0,569 0,000 6,000 0
bidder257: 0,877 0,543 0,000 5,000 0
bidder258: 0,895 0,638 0,000 8,000 0
bidder259: 0,875 0,628 7,500 4,500 0
bidder260: 0,884 0,679 1,111 7,000 0
bidder261: 0,892 0,545 1,100 3,000 0
bidder262: 0,856 0,506 0,000 2,667 0
bidder263: 0,935 0,763 0,000 3,250 0
bidder264: 0,890 0,640 0,000 0,000 0
bidder265: 0,920 0,605 1,000 8,000 0
bidder266: 0,866 0,641 0,000 4,000 0
bidder267: 0,892 0,561 1,273 4,000 0
bidder268: 0,934 0,661 1,000 5,500 0
bidder269: 0,903 0,645 0,000 7,000 0
bidder270: 0,830 0,365 0,000 2,000 0
bidder271: 0,876 0,666 0,000 5,000 0
bidder272: 0,879 0,630 14,000 4,000 0
bidder273: 0,917 0,680 0,000 4,000 0
bidder274: 0,905 0,618 0,000 0,000 0
bidder275: 0,915 0,622 0,000 4,000 0
bidder276: 0,934 0,632 0,000 3,000 0
bidder277: 0,890 0,595 0,000 4,000 0
bidder278: 0,952 0,880 4,000 2,000 0
bidder279: 0,919 0,728 5,000 4,000 0
bidder280: 0,881 0,532 0,000 4,000 0
bidder281: 0,865 0,529 0,000 4,000 0
bidder282: 0,969 0,782 0,000 8,000 0
bidder283: 0,885 0,590 1,875 3,000 0
bidder284: 0,896 0,563 0,000 4,000 0
bidder285: 0,865 0,571 0,000 2,000 0
bidder286: 0,878 0,527 1,000 4,000 0
bidder287: 0,892 0,612 0,000 5,000 0
bidder288: 0,910 0,677 0,000 2,500 0
bidder289: 0,881 0,510 0,000 4,000 0
bidder290: 0,882 0,601 0,000 4,000 0
bidder291: 0,902 0,663 1,273 3,667 0
bidder292: 0,892 0,633 0,000 1,000 0
bidder293: 0,931 0,748 1,333 3,000 0
bidder294: 0,911 0,682 0,000 6,000 0
bidder295: 0,871 0,550 0,000 1,000 0
bidder296: 0,863 0,667 0,000 6,000 0
bidder297: 0,873 0,564 4,500 2,000 0
bidder298: 0,905 0,687 1,071 2,000 0
bidder299: 0,882 0,574 2,000 3,000 0
bidder300: 0,900 0,683 0,000 4,000 0
bidder301: 0,916 0,714 0,000 3,667 0
bidder302: 0,912 0,648 0,000 4,000 0
bidder303: 0,897 0,505 1,444 4,000 0
bidder304: 0,893 0,610 0,000 6,000 0
bidder305: 0,866 0,568 0,000 3,000 0
bidder306: 0,862 0,499 0,000 6,000 0
bidder307: 0,920 0,651 0,000 4,000 0
bidder308: 0,935 0,668 0,000 3,000 0
bidder309: 0,872 0,665 2,000 0,000 0
bidder310: 0,899 0,633 0,000 0,000 0
bidder311: 0,886 0,561 0,000 3,000 0
bidder312: 0,931 0,687 1,200 3,000 0
bidder313: 0,907 0,565 2,667 2,000 0
bidder314: 0,890 0,668 4,000 4,000 0
bidder315: 0,911 0,735 0,000 5,000 0
bidder316: 0,880 0,608 0,000 5,000 0
bidder317: 0,882 0,529 0,000 6,500 0
bidder318: 0,914 0,654 0,000 3,000 0
bidder319: 0,862 0,487 6,000 4,000 0
bidder320: 0,880 0,555 0,000 7,000 0
bidder321: 0,892 0,635 0,000 0,000 0
bidder322: 0,883 0,571 0,000 2,000 0
bidder323: 0,855 0,591 5,000 2,000 0
bidder324: 0,858 0,557 1,300 0,000 0
bidder325: 0,889 0,562 0,000 7,000 0
bidder326: 0,936 0,729 1,083 4,000 0
bidder327: 0,909 0,730 1,091 3,333 0
bidder328: 0,893 0,699 0,000 5,000 0
bidder329: 0,912 0,663 1,429 4,000 0
bidder330: 0,894 0,634 0,000 2,000 0
bidder331: 0,881 0,484 0,000 5,000 0
bidder332: 0,898 0,579 3,333 5,000 0
bidder333: 0,913 0,631 1,571 6,000 0
bidder334: 0,874 0,574 1,857 2,000 0
bidder335: 0,865 0,562 0,000 6,000 0
bidder336: 0,857 0,540 1,200 8,000 0
bidder337: 0,932 0,641 0,000 5,000 0
bidder338: 0,919 0,666 0,000 4,500 0
bidder339: 0,906 0,690 0,000 7,000 0
bidder340: 0,884 0,603 0,000 3,000 0
bidder341: 0,907 0,570 0,000 3,000 0
bidder342: 0,876 0,553 0,000 8,000 0
bidder343: 0,936 0,741 3,000 5,000 0
bidder344: 0,935 0,780 0,000 4,000 0
bidder345: 0,905 0,696 0,000 4,000 0
bidder346: 0,914 0,658 0,000 3,000 0
bidder347: 0,920 0,721 5,000 6,000 0
bidder348: 0,943 0,743 0,000 1,500 0
bidder349: 0,909 0,684 0,000 8,000 0
bidder350: 0,896 0,612 2,250 8,000 0
bidder351: 0,881 0,558 0,000 7,000 0
bidder352: 0,923 0,626 1,857 2,500 0
bidder353: 0,913 0,637 14,000 4,000 0
bidder354: 0,876 0,656 1,667 4,000 0
bidder355: 0,880 0,498 3,200 4,000 0
bidder356: 0,859 0,520 0,000 4,000 0
bidder357: 0,883 0,506 4,500 7,000 0
bidder358: 0,908 0,593 0,000 6,000 0
bidder359: 0,896 0,584 1,333 2,000 0
bidder360: 0,918 0,716 3,000 4,000 0
bidder361: 0,906 0,627 0,000 4,000 0
bidder362: 0,894 0,621 8,500 4,000 0
bidder363: 0,884 0,548 0,000 6,000 0
bidder364: 0,937 0,751 1,500 1,000 0
bidder365: 0,907 0,590 0,000 3,000 0
bidder366: 0,891 0,638 1,167 4,000 0
bidder367: 0,856 0,493 1,143 4,000 0
bidder368: 0,880 0,568 0,000 4,000 0
bidder369: 0,858 0,575 1,000 4,000 0
bidder370: 0,922 0,721 1,077 5,000 0
bidder371: 0,855 0,566 2,333 2,000 0
bidder372: 0,873 0,659 0,000 4,667 0
bidder373: 0,915 0,698 0,000 4,000 0
bidder374: 0,937 0,750 1,750 2,750 0
bidder375: 0,915 0,707 0,000 4,750 0
bidder376: 0,921 0,711 1,000 5,000 0
bidder377: 0,916 0,710 0,000 5,000 0
bidder378: 0,917 0,658 0,000 5,000 0
bidder379: 0,909 0,641 0,000 5,000 0
bidder380: 0,894 0,590 1,714 2,000 0
bidder381: 0,888 0,507 0,000 4,000 0
bidder382: 0,868 0,626 0,000 4,000 0
bidder383: 0,905 0,554 0,000 6,000 0
bidder384: 0,923 0,601 4,500 6,000 0
bidder385: 0,936 0,760 12,000 4,000 0
bidder386: 0,904 0,652 0,000 0,000 0
bidder387: 0,900 0,673 0,000 2,500 0
bidder388: 0,909 0,641 0,000 5,000 0
bidder389: 0,884 0,592 0,000 2,500 0
bidder390: 0,916 0,632 1,000 4,000 0
bidder391: 0,870 0,489 0,000 4,000 0
bidder392: 0,890 0,663 1,000 2,000 0
bidder393: 0,915 0,623 1,125 4,000 0
bidder394: 0,912 0,607 0,000 2,000 0
bidder395: 0,907 0,593 4,500 2,000 0
bidder396: 0,938 0,664 0,000 5,000 0
bidder397: 0,892 0,594 0,000 4,000 0
bidder398: 0,895 0,698 8,000 6,000 0
bidder399: 0,875 0,602 0,000 4,000 0
bidder400: 0,901 0,652 1,000 0,000 0
bidder401: 0,945 0,813 3,000 6,000 0
bidder402: 0,843 0,387 0,000 1,000 0
bidder403: 0,918 0,698 0,000 7,000 0
bidder404: 0,857 0,477 0,000 3,000 0
bidder405: 0,914 0,629 3,200 5,000 0
bidder406: 0,901 0,622 1,875 1,000 0
bidder407: 0,900 0,583 0,000 4,000 0
bidder408: 0,877 0,507 0,000 2,000 0
bidder409: 0,908 0,610 4,750 5,000 0
bidder410: 0,924 0,721 0,000 4,000 0
bidder411: 0,893 0,700 0,000 7,500 0
bidder412: 0,892 0,582 2,000 4,000 0
bidder413: 0,878 0,579 0,000 6,000 0
bidder414: 0,921 0,651 1,300 3,500 0
bidder415: 0,899 0,586 0,000 3,000 0
bidder416: 0,879 0,583 0,000 2,000 0
bidder417: 0,887 0,654 3,333 7,000 0
bidder418: 0,874 0,617 0,000 4,000 0
bidder419: 0,913 0,611 2,800 0,000 0
bidder420: 0,885 0,523 0,000 6,000 0
bidder421: 0,944 0,779 3,667 4,000 0
bidder422: 0,901 0,719 11,000 1,000 0
bidder423: 0,908 0,751 1,429 5,000 0
bidder424: 0,872 0,582 3,333 4,000 0
bidder425: 0,841 0,407 0,000 2,000 0
bidder426: 0,907 0,658 1,071 6,000 0
bidder427: 0,903 0,538 0,000 2,000 0
bidder428: 0,916 0,707 1,077 6,000 0
bidder429: 0,894 0,533 1,571 4,000 0
bidder430: 0,881 0,594 0,000 4,000 0
bidder431: 0,892 0,558 0,000 4,000 0
bidder432: 0,927 0,645 1,100 4,000 0
bidder433: 0,915 0,638 0,000 1,000 0
bidder434: 0,873 0,630 1,000 8,000 0
bidder435: 0,883 0,470 1,500 8,000 0
bidder436: 0,912 0,686 11,000 7,500 0
bidder437: 0,901 0,618 0,000 1,000 0
bidder438: 0,885 0,605 1,333 7,000 0
bidder439: 0,879 0,544 3,000 4,000 0
bidder440: 0,905 0,593 1,125 1,000 0
bidder441: 0,925 0,712 3,000 4,000 0
bidder442: 0,901 0,621 1,500 0,000 0
bidder443: 0,958 0,865 0,000 5,000 0
bidder444: 0,923 0,643 0,000 4,667 0
bidder445: 0,893 0,626 1,100 5,333 0
bidder446: 0,952 0,827 1,176 6,000 0
bidder447: 0,862 0,453 0,000 3,000 0
bidder448: 0,908 0,671 0,000 4,000 0
bidder449: 0,931 0,732 1,833 6,000 0
bidder450: 0,873 0,553 0,000 5,000 0
bidder451: 0,929 0,748 3,333 0,000 0
bidder452: 0,885 0,664 0,000 4,000 0
bidder453: 0,847 0,470 0,000 2,000 0
bidder454: 0,882 0,602 0,000 3,000 0
bidder455: 0,887 0,543 1,231 0,000 0
bidder456: 0,878 0,482 0,000 5,000 0
bidder457: 0,874 0,477 0,000 4,000 0
bidder458: 0,912 0,568 1,444 3,000 0
bidder459: 0,876 0,521 0,000 4,000 0
bidder460: 0,887 0,677 5,500 4,000 0
bidder461: 0,913 0,628 0,000 4,000 0
bidder462: 0,914 0,763 0,000 4,000 0
bidder463: 0,919 0,636 0,000 6,000 0
bidder464: 0,914 0,679 1,077 3,333 0
bidder465: 0,915 0,606 0,000 1,000 0
bidder466: 0,889 0,527 0,000 3,000 0
bidder467: 0,872 0,444 0,000 5,000 0
bidder468: 0,900 0,653 3,250 4,000 0
bidder469: 0,902 0,682 0,000 6,000 0
bidder470: 0,917 0,616 0,000 7,000 0
bidder471: 0,887 0,602 1,273 2,500 0
bidder472: 0,917 0,660 4,500 6,000 0
bidder473: 0,898 0,588 1,182 4,000 0
bidder474: 0,889 0,608 0,000 4,000 0
bidder475: 0,923 0,693 1,500 4,000 0
bidder476: 0,906 0,667 0,000 8,000 0
bidder477: 0,849 0,494 1,750 6,000 0
bidder478: 0,874 0,523 0,000 4,000 0
bidder479: 0,919 0,652 0,000 6,000 0
bidder480: 0,865 0,452 10,000 4,000 0
bidder481: 0,897 0,612 1,200 6,000 0
bidder482: 0,877 0,632 0,000 2,000 0
bidder483: 0,853 0,551 1,000 7,000 0
bidder484: 0,890 0,761 0,000 3,000 0
bidder485: 0,892 0,569 0,000 5,000 0
bidder486: 0,894 0,628 6,500 4,000 0
bidder487: 0,856 0,553 0,000 2,000 0
bidder488: 0,888 0,570 2,600 0,000 0
bidder489: 0,919 0,727 0,000 3,000 0
bidder490: 0,892 0,615 5,500 2,000 0
bidder491: 0,913 0,587 13,000 4,000 0
bidder492: 0,918 0,702 1,000 5,500 0
bidder493: 0,897 0,629 0,000 7,000 0
bidder494: 0,888 0,524 0,000 4,500 0
bidder495: 0,882 0,580 4,000 4,000 0
bidder496: 0,912 0,647 3,500 4,000 0
bidder497: 0,889 0,600 0,000 7,000 0
bidder498: 0,885 0,555 0,000 4,000 0
bidder499: 0,896 0,550 7,000 4,000 0
bidder500: 0,924 0,649 2,250 4,000 0
bidder501: 0,918 0,656 1,059 4,000 0
bidder502: 0,903 0,563 4,333 2,000 0
bidder503: 0,898 0,694 0,000 7,000 0
bidder504: 0,924 0,681 1,556 4,000 0
bidder505: 0,877 0,599 4,500 3,000 0
bidder506: 0,920 0,613 0,000 4,000 0
bidder507: 0,920 0,643 0,000 6,000 0
bidder508: 0,928 0,716 0,000 4,000 0
bidder509: 0,910 0,649 1,000 2,500 0
bidder510: 0,901 0,578 1,200 4,000 0
bidder511: 0,816 0,548 0,000 4,000 0
bidder512: 0,935 0,691 0,000 3,500 0
bidder513: 0,920 0,678 0,000 5,250 0
bidder514: 0,899 0,657 0,000 6,000 0
bidder515: 0,863 0,596 1,200 4,000 0
bidder516: 0,893 0,589 5,500 2,000 0
bidder517: 0,922 0,623 1,500 4,333 0
bidder518: 0,862 0,532 0,000 2,000 0
bidder519: 0,886 0,512 0,000 6,000 0
bidder520: 0,864 0,526 0,000 8,000 0
bidder521: 0,885 0,552 0,000 2,000 0
bidder522: 0,916 0,627 0,000 4,000 0
bidder523: 0,933 0,715 0,000 2,000 0
bidder524: 0,843 0,484 1,333 4,000 0
bidder525: 0,889 0,662 0,000 4,000 0
bidder526: 0,940 0,776 0,000 5,000 0
bidder527: 0,887 0,633 0,000 3,000 0
bidder528: 0,856 0,481 0,000 6,000 0
bidder529: 0,921 0,804 12,000 4,000 0
bidder530: 0,891 0,531 11,000 4,000 0
bidder531: 0,896 0,592 1,800 6,000 0
bidder532: 0,844 0,526 2,250 2,000 0
bidder533: 0,924 0,712 1,556 5,000 0
bidder534: 0,926 0,591 0,000 4,000 0
bidder535: 0,902 0,515 0,000 6,000 0
bidder536: 0,927 0,685 0,000 8,000 0
bidder537: 0,930 0,712 2,500 4,000 0
bidder538: 0,904 0,627 0,000 6,000 0
bidder539: 0,925 0,726 0,000 7,000 0
bidder540: 0,888 0,585 8,000 4,000 0
bidder541: 0,906 0,594 0,000 3,000 0
bidder542: 0,886 0,558 0,000 4,000 0
bidder543: 0,890 0,590 1,000 2,000 0
bidder544: 0,899 0,649 0,000 3,500 0
bidder545: 0,855 0,559 1,100 1,000 0
bidder546: 0,905 0,599 0,000 4,000 0
bidder547: 0,871 0,628 0,000 0,000 0
bidder548: 0,912 0,653 1,000 2,000 0
bidder549: 0,896 0,586 1,077 4,500 0
bidder550: 0,907 0,669 0,000 6,000 0
bidder551: 0,882 0,583 0,000 4,000 0
bidder552: 0,886 0,576 0,000 4,000 0
bidder553: 0,897 0,707 5,000 4,000 0
bidder554: 0,918 0,735 0,000 2,500 0
bidder555: 0,891 0,542 0,000 5,000 0
bidder556: 0,924 0,654 11,000 4,000 0
bidder557: 0,882 0,590 1,000 3,000 0
bidder558: 0,890 0,662 1,833 4,000 0
bidder559: 0,905 0,622 0,000 5,000 0
bidder560: 0,895 0,593 0,000 6,000 0
bidder561: 0,895 0,592 1,667 3,000 0
bidder562: 0,925 0,690 0,000 3,667 0
bidder563: 0,895 0,563 0,000 6,000 0
bidder564: 0,862 0,574 0,000 7,000 0
bidder565: 0,858 0,519 0,000 4,000 0
bidder566: 0,847 0,499 1,375 0,000 0
bidder567: 0,843 0,430 0,000 4,000 0
bidder568: 0,863 0,568 11,000 6,000 0
bidder569: 0,895 0,590 0,000 4,000 0
bidder570: 0,900 0,597 1,750 4,000 0
bidder571: 0,902 0,616 3,000 4,000 0
bidder572: 0,906 0,651 0,000 3,000 0
bidder573: 0,913 0,686 0,000 4,000 0
bidder574: 0,923 0,642 0,000 6,000 0
bidder575: 0,917 0,604 0,000 2,000 0
bidder576: 0,917 0,718 0,000 2,000 0
bidder577: 0,881 0,537 0,000 4,000 0
bidder578: 0,907 0,671 0,000 7,000 0
bidder579: 0,870 0,682 1,125 4,000 0
bidder580: 0,901 0,634 1,889 4,333 0
bidder581: 0,897 0,630 1,056 3,000 0
bidder582: 0,924 0,628 0,000 3,000 0
bidder583: 0,933 0,694 1,000 2,667 0
bidder584: 0,944 0,731 14,000 5,000 0
bidder585: 0,891 0,635 0,000 2,000 0
bidder586: 0,881 0,552 0,000 4,000 0
bidder587: 0,907 0,679 1,385 6,000 0
bidder588: 0,906 0,653 0,000 4,000 0
bidder589: 0,863 0,456 0,000 4,000 0
bidder590: 0,875 0,470 0,000 3,000 0
bidder591: 0,884 0,608 0,000 3,000 0
bidder592: 0,903 0,599 0,000 6,000 0
bidder593: 0,824 0,419 0,000 2,000 0
bidder594: 0,942 0,821 1,750 4,333 0
bidder595: 0,905 0,629 3,000 7,500 0
bidder596: 0,928 0,728 1,000 5,000 0
bidder597: 0,899 0,687 0,000 5,000 0
bidder598: 0,881 0,623 1,000 2,000 0
bidder599: 0,894 0,591 0,000 4,000 0
bidder600: 0,943 0,748 1,273 5,500 0
bidder601: 0,903 0,584 4,000 5,000 0
bidder602: 0,879 0,542 0,000 4,000 0
bidder603: 0,870 0,557 3,333 4,000 0
bidder604: 0,916 0,644 3,000 0,000 0
bidder605: 0,906 0,599 0,000 7,000 0
bidder606: 0,858 0,482 0,000 4,000 0
bidder607: 0,905 0,654 2,000 3,000 0
bidder608: 0,830 0,508 9,000 4,000 0
bidder609: 0,904 0,674 0,000 7,000 0
bidder610: 0,902 0,663 1,000 4,000 0
bidder611: 0,953 0,756 0,000 6,000 0
bidder612: 0,867 0,573 8,000 2,500 0
bidder613: 0,864 0,533 1,273 4,000 0
bidder614: 0,899 0,643 0,000 4,000 0
bidder615: 0,924 0,651 8,000 4,000 0
bidder616: 0,922 0,672 0,000 5,333 0
bidder617: 0,893 0,636 0,000 5,500 0
bidder618: 0,908 0,756 0,000 1,000 0
bidder619: 0,909 0,668 1,333 7,000 0
bidder620: 0,905 0,612 12,000 4,000 0
bidder621: 0,932 0,711 1,000 8,000 0
bidder622: 0,883 0,631 0,000 4,000 0
bidder623: 0,896 0,574 1,273 2,000 0
bidder624: 0,916 0,669 0,000 4,000 0
bidder625: 0,878 0,495 0,000 4,000 0
bidder626: 0,910 0,698 0,000 4,000 0
bidder627: 0,893 0,625 0,000 3,000 0
bidder628: 0,922 0,681 0,000 2,000 0
bidder629: 0,942 0,826 1,667 4,000 0
bidder630: 0,909 0,733 1,000 3,500 0
bidder631: 0,881 0,582 0,000 4,000 0
bidder632: 0,880 0,570 0,000 0,000 0
bidder633: 0,919 0,639 7,000 2,000 0
bidder634: 0,915 0,690 1,059 4,000 0
bidder635: 0,913 0,739 0,000 2,500 0
bidder636: 0,908 0,640 0,000 3,000 0
bidder637: 0,892 0,569 2,667 1,000 0
bidder638: 0,926 0,647 2,667 2,000 0
bidder639: 0,892 0,532 0,000 5,000 0
bidder640: 0,891 0,670 1,000 2,000 0
bidder641: 0,886 0,593 7,500 7,000 0
bidder642: 0,893 0,618 0,000 6,000 0
bidder643: 0,900 0,593 2,600 7,000 0
bidder644: 0,888 0,589 0,000 3,000 0
bidder645: 0,862 0,528 0,000 4,000 0
bidder646: 0,902 0,556 5,000 6,000 0
bidder647: 0,884 0,648 0,000 1,000 0
bidder648: 0,876 0,557 0,000 3,000 0
bidder649: 0,926 0,679 0,000 4,333 0
bidder650: 0,884 0,433 1,333 4,000 0
bidder651: 0,862 0,526 0,000 8,000 0
bidder652: 0,865 0,546 0,000 4,000 0
bidder653: 0,895 0,691 5,500 4,000 0
bidder654: 0,897 0,644 1,000 2,000 0
bidder655: 0,914 0,668 1,154 6,000 0
bidder656: 0,841 0,482 0,000 4,000 0
bidder657: 0,884 0,541 10,000 6,333 0
bidder658: 0,920 0,663 0,000 2,000 0
bidder659: 0,863 0,488 9,000 7,000 0
bidder660: 0,895 0,606 2,800 4,000 0
bidder661: 0,918 0,689 0,000 2,000 0
bidder662: 0,887 0,680 0,000 3,500 0
bidder663: 0,897 0,649 0,000 4,000 0
bidder664: 0,922 0,709 0,000 4,000 0
bidder665: 0,930 0,717 1,667 6,000 0
bidder666: 0,833 0,401 1,571 4,000 0
bidder667: 0,904 0,632 4,333 5,000 0
bidder668: 0,876 0,567 1,556 3,000 0
bidder669: 0,889 0,596 1,111 4,000 0
bidder670: 0,893 0,651 1,833 2,000 0
bidder671: 0,895 0,642 0,000 1,000 0
bidder672: 0,894 0,656 0,000 4,000 0
bidder673: 0,877 0,633 0,000 4,000 0
bidder674: 0,864 0,620 1,222 4,000 0
bidder675: 0,846 0,616 0,000 4,000 0
bidder676: 0,931 0,790 1,600 4,000 0
bidder677: 0,878 0,614 0,000 4,000 0
bidder678: 0,817 0,522 0,000 5,000 0
bidder679: 0,853 0,562 0,000 2,000 0
bidder680: 0,914 0,711 0,000 4,000 0
bidder681: 0,910 0,669 0,000 3,333 0
bidder682: 0,906 0,639 0,000 0,000 0
bidder683: 0,857 0,511 0,000 4,000 0
bidder684: 0,894 0,620 0,000 7,000 0
bidder685: 0,920 0,660 0,000 4,000 0
bidder686: 0,906 0,652 4,333 3,000 0
bidder687: 0,898 0,616 1,222 4,000 0
bidder688: 0,895 0,606 0,000 4,000 0
bidder689: 0,896 0,623 12,000 4,500 0
bidder690: 0,881 0,588 1,800 5,000 0
bidder691: 0,896 0,573 1,400 2,000 0
bidder692: 0,869 0,557 1,556 5,500 0
bidder693: 0,894 0,620 0,000 2,000 0
bidder694: 0,887 0,672 0,000 4,000 0
bidder695: 0,885 0,558 0,000 5,000 0
bidder696: 0,935 0,679 0,000 5,000 0
bidder697: 0,904 0,559 0,000 4,000 0
bidder698: 0,943 0,743 0,000 3,667 0
bidder699: 0,899 0,619 0,000 3,500 0
bidder700: 0,895 0,656 12,000 6,000 0
bidder701: 0,868 0,537 1,000 5,000 0
bidder702: 0,909 0,697 0,000 4,667 0
bidder703: 0,904 0,662 0,000 2,000 0
bidder704: 0,888 0,588 0,000 1,000 0
bidder705: 0,855 0,472 3,000 7,000 0
bidder706: 0,932 0,719 0,000 6,500 0
bidder707: 0,874 0,631 0,000 2,500 0
bidder708: 0,919 0,695 0,000 5,250 0
bidder709: 0,884 0,585 1,444 4,000 0
bidder710: 0,910 0,630 0,000 4,000 0
bidder711: 0,864 0,523 0,000 4,000 0
bidder712: 0,882 0,658 0,000 3,500 0
bidder713: 0,920 0,626 12,000 4,000 0
bidder714: 0,937 0,774 1,636 4,750 0
bidder715: 0,915 0,747 0,000 3,400 0
bidder716: 0,901 0,607 0,000 5,000 0
bidder717: 0,905 0,556 1,500 5,000 0
bidder718: 0,900 0,479 0,000 7,000 0
bidder719: 0,870 0,616 1,000 7,000 0
bidder720: 0,874 0,537 0,000 3,000 0
bidder721: 0,858 0,564 3,000 6,000 0
bidder722: 0,877 0,569 0,000 6,000 0
bidder723: 0,928 0,734 0,000 3,667 0
bidder724: 0,869 0,451 1,231 2,000 0
bidder725: 0,885 0,569 0,000 4,000 0
bidder726: 0,893 0,615 0,000 4,500 0
bidder727: 0,894 0,620 0,000 2,500 0
bidder728: 0,884 0,631 0,000 4,000 0
bidder729: 0,921 0,657 0,000 6,000 0
bidder730: 0,879 0,566 0,000 2,000 0
bidder731: 0,954 0,782 1,083 3,000 0
bidder732: 0,878 0,561 0,000 4,000 0
bidder733: 0,900 0,714 0,000 5,000 0
bidder734: 0,871 0,538 0,000 4,000 0
bidder735: 0,898 0,714 1,000 4,500 0
bidder736: 0,886 0,530 0,000 5,500 0
bidder737: 0,935 0,642 0,000 3,000 0
bidder738: 0,903 0,676 2,400 5,333 0
bidder739: 0,915 0,686 1,571 5,000 0
bidder740: 0,904 0,675 1,000 2,500 0
bidder741: 0,909 0,624 0,000 6,000 0
bidder742: 0,903 0,656 0,000 4,000 0
bidder743: 0,892 0,636 0,000 3,000 0
bidder744: 0,887 0,629 17,000 5,000 0
bidder745: 0,892 0,615 0,000 7,000 0
bidder746: 0,918 0,669 3,000 6,000 0
bidder747: 0,909 0,681 7,000 4,000 0
bidder748: 0,894 0,612 0,000 1,000 0
bidder749: 0,930 0,751 0,000 4,000 0
bidder750: 0,877 0,549 1,333 2,000 0
bidder751: 0,890 0,634 0,000 6,000 0
bidder752: 0,823 0,459 0,000 4,000 0
bidder753: 0,917 0,729 0,000 4,000 0
bidder754: 0,866 0,412 0,000 4,000 0
bidder755: 0,903 0,656 1,667 2,000 0
bidder756: 0,898 0,678 0,000 6,000 0
bidder757: 0,911 0,615 1,333 5,000 0
bidder758: 0,934 0,771 0,000 3,000 0
bidder759: 0,852 0,499 0,000 4,000 0
bidder760: 0,863 0,517 0,000 3,000 0
bidder761: 0,904 0,601 1,200 5,000 0
bidder762: 0,904 0,605 0,000 5,000 0
bidder763: 0,895 0,647 0,000 6,000 0
bidder764: 0,886 0,585 5,500 3,000 0
bidder765: 0,879 0,544 0,000 4,000 0
bidder766: 0,889 0,603 13,000 7,000 0
bidder767: 0,894 0,659 1,222 4,000 0
bidder768: 0,927 0,697 0,000 6,000 0
bidder769: 0,897 0,639 0,000 3,000 0
bidder770: 0,893 0,650 0,000 4,000 0
bidder771: 0,883 0,579 1,100 5,500 0
bidder772: 0,886 0,584 0,000 5,000 0
bidder773: 0,910 0,643 2,375 6,500 0
bidder774: 0,907 0,548 1,083 4,500 0
bidder775: 0,894 0,557 1,286 4,000 0
bidder776: 0,877 0,507 1,143 4,000 0
bidder777: 0,871 0,547 1,583 5,000 0
bidder778: 0,924 0,620 0,000 4,000 0
bidder779: 0,868 0,612 1,222 7,000 0
bidder780: 0,838 0,476 1,000 4,000 0
bidder781: 0,897 0,651 2,250 4,000 0
bidder782: 0,929 0,682 1,714 3,000 0
bidder783: 0,872 0,588 1,077 3,000 0
bidder784: 0,916 0,679 2,667 3,667 0
bidder785: 0,896 0,524 1,375 4,000 0
bidder786: 0,885 0,596 1,133 5,000 0
bidder787: 0,889 0,626 0,000 2,000 0
bidder788: 0,884 0,546 0,000 8,000 0
bidder789: 0,893 0,679 0,000 4,000 0
bidder790: 0,904 0,658 0,000 4,000 0
bidder791: 0,896 0,641 0,000 4,000 0
bidder792: 0,891 0,598 4,000 4,000 0
bidder793: 0,918 0,666 0,000 3,000 0
bidder794: 0,862 0,555 0,000 6,000 0
bidder795: 0,893 0,678 0,000 6,000 0
bidder796: 0,917 0,651 1,500 2,000 0
bidder797: 0,878 0,519 1,167 4,000 0
bidder798: 0,909 0,643 1,700 5,500 0
bidder799: 0,943 0,819 3,200 5,333 0
bidder800: 0,816 0,331 0,000 7,000 0
bidder801: 0,877 0,620 0,000 0,000 0
bidder802: 0,890 0,524 1,462 2,000 0
bidder803: 0,912 0,691 0,000 4,000 0
bidder804: 0,901 0,623 0,000 6,500 0
bidder805: 0,913 0,676 0,000 4,000 0
bidder806: 0,873 0,551 1,500 4,000 0
bidder807: 0,924 0,734 0,000 2,667 0
bidder808: 0,886 0,606 2,000 4,000 0
bidder809: 0,931 0,750 0,000 3,500 0
bidder810: 0,894 0,533 0,000 4,000 0
bidder811: 0,876 0,539 1,500 4,000 0
bidder812: 0,879 0,599 0,000 4,500 0
bidder813: 0,908 0,650 0,000 5,000 0
bidder814: 0,871 0,544 0,000 4,000 0
bidder815: 0,904 0,600 0,000 4,000 0
bidder816: 0,839 0,349 0,000 4,000 0
bidder817: 0,869 0,586 0,000 7,000 0
bidder818: 0,901 0,623 0,000 4,500 0
bidder819: 0,915 0,670 0,000 3,000 0
bidder820: 0,911 0,631 1,889 7,000 0
bidder821: 0,912 0,707 1,077 8,000 0
bidder822: 0,920 0,695 0,000 3,000 0
bidder823: 0,874 0,604 0,000 5,000 0
bidder824: 0,915 0,671 2,833 4,000 0
bidder825: 0,915 0,624 0,000 4,000 0
bidder826: 0,916 0,620 1,400 1,500 0
bidder827: 0,813 0,435 1,111 4,000 0
bidder828: 0,899 0,668 1,000 4,333 0
bidder829: 0,906 0,702 0,000 2,000 0
bidder830: 0,889 0,627 0,000 4,000 0
bidder831: 0,931 0,772 0,000 3,333 0
bidder832: 0,925 0,734 0,000 4,000 0
bidder833: 0,870 0,588 0,000 5,000 0
bidder834: 0,848 0,551 0,000 4,000 0
bidder835: 0,908 0,581 0,000 4,000 0
bidder836: 0,897 0,588 0,000 4,500 0
bidder837: 0,901 0,579 4,000 5,000 0
bidder838: 0,861 0,497 0,000 4,000 0
bidder839: 0,897 0,649 1,100 7,000 0
bidder840: 0,909 0,685 1,000 4,000 0
bidder841: 0,946 0,731 1,600 4,000 0
bidder842: 0,921 0,668 1,000 8,000 0
bidder843: 0,905 0,608 0,000 4,000 0
bidder844: 0,902 0,666 1,286 4,333 0
bidder845: 0,862 0,556 2,000 8,000 0
bidder846: 0,870 0,644 0,000 5,000 0
bidder847: 0,891 0,600 0,000 5,333 0
bidder848: 0,928 0,722 1,250 4,000 0
bidder849: 0,893 0,551 0,000 4,000 0
bidder850: 0,905 0,646 0,000 3,000 0
bidder851: 0,903 0,634 1,600 4,000 0
bidder852: 0,897 0,595 1,636 5,000 0
bidder853: 0,915 0,611 0,000 5,000 0
bidder854: 0,954 0,731 0,000 1,000 0
bidder855: 0,902 0,629 0,000 4,500 0
bidder856: 0,904 0,717 1,167 3,000 0
bidder857: 0,897 0,569 0,000 1,000 0
bidder858: 0,892 0,639 1,714 3,000 0
bidder859: 0,931 0,692 0,000 3,333 0
bidder860: 0,849 0,557 0,000 4,000 0
bidder861: 0,868 0,546 0,000 4,000 0
bidder862: 0,904 0,670 2,667 7,000 0
bidder863: 0,847 0,556 0,000 1,000 0
bidder864: 0,897 0,587 0,000 4,000 0
bidder865: 0,892 0,550 0,000 0,000 0
bidder866: 0,885 0,555 1,100 7,000 0
bidder867: 0,892 0,599 0,000 5,500 0
bidder868: 0,874 0,662 0,000 4,000 0
bidder869: 0,918 0,675 5,000 8,000 0
bidder870: 0,927 0,688 1,571 3,000 0
bidder871: 0,882 0,542 1,300 0,000 0
bidder872: 0,904 0,564 1,500 4,000 0
bidder873: 0,909 0,661 1,000 4,000 0
bidder874: 0,910 0,663 1,300 4,000 0
bidder875: 0,895 0,613 1,455 1,000 0
bidder876: 0,902 0,652 0,000 3,000 0
bidder877: 0,924 0,802 0,000 2,000 0
bidder878: 0,895 0,616 0,000 0,000 0
bidder879: 0,941 0,767 0,000 4,000 0
bidder880: 0,910 0,642 0,000 4,000 0
bidder881: 0,902 0,615 0,000 4,500 0
bidder882: 0,898 0,591 0,000 1,000 0
bidder883: 0,890 0,645 0,000 4,000 0
bidder884: 0,946 0,821 0,000 4,000 0
bidder885: 0,896 0,698 0,000 4,000 0
bidder886: 0,859 0,392 1,091 8,000 0
bidder887: 0,948 0,678 0,000 4,000 0
bidder888: 0,915 0,730 0,000 3,000 0
bidder889: 0,865 0,588 11,000 5,000 0
bidder890: 0,816 0,473 1,143 2,000 0
bidder891: 0,925 0,622 8,000 7,000 0
bidder892: 0,943 0,748 1,800 4,000 0
bidder893: 0,875 0,553 0,000 6,000 0
bidder894: 0,916 0,600 0,000 7,000 0
bidder895: 0,909 0,690 0,000 2,000 0
bidder896: 0,894 0,699 1,800 5,000 0
bidder897: 0,874 0,605 0,000 6,000 0
bidder898: 0,910 0,591 0,000 5,000 0
bidder899: 0,863 0,532 0,000 4,667 0
bidder900: 0,936 0,734 0,000 5,000 0
bidder901: 0,886 0,566 0,000 5,000 0
bidder902: 0,939 0,678 12,000 6,000 0
bidder903: 0,910 0,607 1,182 4,000 0
bidder904: 0,907 0,654 0,000 4,000 0
bidder905: 0,952 0,804 0,000 2,000 0
bidder906: 0,889 0,683 0,000 3,333 0
bidder907: 0,914 0,669 1,000 6,000 0
bidder908: 0,896 0,712 0,000 4,000 0
bidder909: 0,893 0,715 0,000 7,000 0
bidder910: 0,925 0,729 1,000 3,000 0
bidder911: 0,904 0,609 1,778 3,500 0
bidder912: 0,894 0,667 1,750 5,000 0
bidder913: 0,849 0,484 0,000 8,000 0
bidder914: 0,930 0,725 0,000 7,000 0
bidder915: 0,868 0,478 0,000 1,000 0
bidder916: 0,893 0,539 0,000 4,000 0
bidder917: 0,884 0,644 0,000 4,000 0
bidder918: 0,895 0,611 0,000 3,000 0
bidder919: 0,851 0,440 0,000 5,000 0
bidder920: 0,908 0,677 0,000 4,000 0
bidder921: 0,867 0,569 0,000 4,000 0
bidder922: 0,811 0,483 0,000 4,000 0
bidder923: 0,901 0,630 0,000 8,000 0
bidder924: 0,926 0,713 0,000 4,000 0
bidder925: 0,911 0,706 0,000 4,000 0
bidder926: 0,860 0,599 0,000 3,000 0
bidder927: 0,864 0,526 1,000 1,000 0
bidder928: 0,868 0,460 0,000 4,000 0
bidder929: 0,872 0,577 3,000 5,000 0
bidder930: 0,906 0,642 1,500 3,333 0
bidder931: 0,876 0,551 0,000 0,000 0
bidder932: 0,869 0,658 0,000 4,000 0
bidder933: 0,886 0,577 1,067 5,000 0
bidder934: 0,920 0,664 0,000 5,000 0
bidder935: 0,865 0,504 0,000 4,000 0
bidder936: 0,873 0,618 0,000 0,000 0
bidder937: 0,915 0,619 0,000 4,000 0
bidder938: 0,896 0,603 1,125 3,000 0
bidder939: 0,910 0,551 0,000 6,000 0
bidder940: 0,883 0,564 1,375 8,000 0
bidder941: 0,903 0,629 1,273 3,667 0
bidder942: 0,908 0,636 1,000 3,000 0
bidder943: 0,857 0,548 0,000 0,000 0
bidder944: 0,897 0,578 0,000 5,000 0
bidder945: 0,877 0,608 1,083 6,500 0
bidder946: 0,899 0,599 1,500 4,000 0
bidder947: 0,883 0,660 1,800 4,000 0
bidder948: 0,889 0,574 0,000 4,000 0
bidder949: 0,869 0,529 1,625 2,000 0
bidder950: 0,880 0,587 1,417 4,000 0
bidder951: 0,891 0,668 0,000 4,000 0
bidder952: 0,896 0,561 4,000 5,000 0
bidder953: 0,867 0,539 0,000 4,000 0
bidder954: 0,891 0,657 0,000 4,000 0
bidder955: 0,893 0,635 4,333 2,000 0
bidder956: 0,893 0,549 1,667 6,000 0
bidder957: 0,902 0,645 1,571 4,000 0
bidder958: 0,918 0,744 1,250 7,000 0
bidder959: 0,905 0,654 1,444 4,000 0
bidder960: 0,910 0,653 0,000 6,000 0
bidder961: 0,904 0,667 1,222 3,000 0
bidder962: 0,914 0,653 1,143 4,000 0
bidder963: 0,896 0,564 0,000 4,000 0
bidder964: 0,878 0,578 0,000 2,000 0
bidder965: 0,880 0,598 5,000 8,000 0
bidder966: 0,915 0,618 1,176 5,000 0
bidder967: 0,879 0,554 2,667 4,000 0
bidder968: 0,809 0,518 3,000 4,000 0
bidder969: 0,846 0,490 9,000 4,000 0
bidder970: 0,934 0,711 1,250 3,500 0
bidder971: 0,927 0,745 0,000 6,000 0
bidder972: 0,919 0,664 0,000 4,000 0
bidder973: 0,831 0,454 0,000 2,000 0
bidder974: 0,856 0,459 0,000 4,000 0
bidder975: 0,896 0,578 3,000 2,000 0
bidder976: 0,896 0,592 1,545 5,000 0
bidder977: 0,906 0,586 1,200 0,000 0
bidder978: 0,903 0,667 0,000 3,000 0
bidder979: 0,904 0,661 0,000 3,000 0
bidder980: 0,888 0,651 0,000 0,000 0
bidder981: 0,902 0,558 0,000 4,500 0
bidder982: 0,894 0,700 0,000 6,000 0
bidder983: 0,890 0,566 12,000 3,000 0
bidder984: 0,883 0,570 0,000 2,500 0
bidder985: 0,928 0,705 0,000 8,000 0
bidder986: 0,872 0,583 2,571 2,000 0
bidder987: 0,920 0,642 0,000 4,000 0
bidder988: 0,881 0,569 1,222 1,000 0
bidder989: 0,887 0,544 1,000 4,000 0
bidder990: 0,879 0,700 0,000 6,000 0
bidder991: 0,943 0,727 6,500 3,000 0
bidder992: 0,877 0,634 1,083 4,000 0
bidder993: 0,857 0,532 0,000 6,000 0
bidder994: 0,895 0,630 0,000 2,000 0
bidder995: 0,894 0,526 1,125 4,000 0
bidder996: 0,903 0,531 1,500 4,000 0
bidder997: 0,930 0,689 0,000 2,000 0
bidder998: 0,863 0,513 0,000 1,000 0
bidder999: 0,904 0,645 0,000 4,000 0
bidder1000: 0,810 0,232 1,000 4,000 1
bidder1001: 0,824 0,262 1,000 4,000 1
bidder1002: 0,837 0,391 1,000 2,000 1
bidder1003: 0,812 0,259 1,000 2,000 1
bidder1004: 0,832 0,436 1,250 1,000 1
bidder1005: 0,757 0,167 1,000 4,000 1
bidder1006: 0,839 0,264 1,000 4,000 1
bidder1007: 0,835 0,464 1,000 3,000 1
bidder1008: 0,811 0,253 1,000 4,000 1
bidder1009: 0,811 0,407 1,000 5,000 1
bidder1010: 0,719 0,347 1,000 4,000 1
bidder1011: 0,813 0,285 1,000 1,000 1
bidder1012: 0,867 0,534 1,000 4,000 1
bidder1013: 0,845 0,416 1,000 3,000 1
bidder1014: 0,802 0,100 1,000 2,000 1
bidder1015: 0,814 0,199 1,000 4,000 1
bidder1016: 0,831 0,394 1,000 5,000 1
bidder1017: 0,805 0,536 1,000 5,000 1
bidder1018: 0,851 0,458 1,000 4,000 1
bidder1019: 0,830 0,401 1,000 1,000 1
bidder1020: 0,815 0,082 1,000 5,000 1
bidder1021: 0,905 0,512 1,000 4,000 1
bidder1022: 0,872 0,371 1,000 4,000 1
bidder1023: 0,822 0,242 1,200 4,000 1
bidder1024: 0,802 0,394 1,000 4,000 1
bidder1025: 0,933 0,576 1,000 5,000 1
bidder1026: 0,861 0,463 1,200 4,000 1
bidder1027: 0,813 0,353 1,000 2,000 1
bidder1028: 0,827 0,536 1,000 1,000 1
bidder1029: 0,876 0,524 1,000 4,000 1
bidder1030: 0,855 0,392 1,333 1,000 1
bidder1031: 0,849 0,353 1,000 3,000 1
bidder1032: 0,811 0,285 1,000 4,000 1
bidder1033: 0,853 0,479 1,000 4,000 1
bidder1034: 0,811 0,381 1,500 4,000 1
bidder1035: 0,785 0,444 1,000 4,000 1
bidder1036: 0,876 0,519 1,000 5,000 1
bidder1037: 0,806 0,307 1,000 7,000 1
bidder1038: 0,792 0,381 1,000 4,000 1
bidder1039: 0,838 0,472 1,200 1,000 1
